95	95	1	95
6.25	0.011135	-0.54618	0.91558	-2.0109	3.2089	-3.4135	3.3765	-3.0821	2.1724	-2.6202	2.7165	-1.2356	1.9726	-2.1395	0.75972	-0.93245	0.27176	-1.0312	0.48248	-0.11926	2.0557	-1.2975	0.09521	-0.31164	0.29044	-0.33059	0.48547	-1.6467	0.31444	-0.34381	0.11529	-0.69362	0.62507	-0.84032	0.46426	-0.95059	0.2838	-1.0035	0.38504	-0.15613	0.17666	-0.018692	0.19969	-0.31137	0.24885	-0.067682	0.73898	-0.23963	0.17743	-0.53212	0.19123	-0.2642	0.53285	-0.71788	0.20182	-0.10955	0.23689	-0.097371	0.34183	-0.08702	0.27331	-0.15852	0.10257	-0.20689	0.13324	-0.19642	0.10096	-0.020054	0.24722	-0.0070269	0.20762	-0.0058307	0.022561	-0.13239	0.017845	-0.16923	0.084575	-0.034	0.018902	-0.25676	0.0092366	-0.00048685	0.068807	-0.082825	0.044385	-0.11476	0.092847	-0.15384	0.15705	-0.015989	0.0051342	0.027923	0.047406	0.02525	-0.0053606
6.5	0.0082362	-0.59721	1.0103	-2.0306	2.9392	-2.6262	1.9595	-1.2306	0.42443	-0.47266	-0.31749	0.4545	-0.91007	1.075	-0.96497	0.46543	0.45233	0.52588	-0.38628	0.53035	-1.702	2.5207	0.37804	0.88017	-0.49889	0.78654	-0.51604	2.8908	-0.66735	-0.38266	0.3314	1.5307	-1.4689	1.4447	-0.71645	2.1088	-0.78859	2.3047	-0.57146	0.60865	-0.24697	0.014648	-0.58019	1.0095	-0.9409	0.6235	-1.9252	0.74567	-1.1298	1.6084	-0.55915	1.3216	-1.3026	1.8209	-0.10929	0.22771	-0.66379	0.46138	-0.91981	0.51516	-0.39394	0.70117	-0.27567	0.72361	-0.51318	0.40008	-0.23376	-0.30606	-0.70573	0.14748	-1.1845	-0.44608	-0.14306	0.34065	-0.083361	0.41313	0.056388	-0.24368	-0.026603	1.0634	-0.23983	-0.0049542	-0.25573	0.12337	-0.20637	0.76313	-0.35186	0.3186	-0.34392	-0.018565	0.088783	0.12192	-0.12512	-0.028706	-0.07195
6.75	0.0059685	-0.64905	1.1045	-2.0269	2.6247	-1.813	0.71307	0.19512	-0.73968	0.91179	-1.9868	0.98631	-1.7073	2.3192	-0.94501	0.93177	-0.21667	1.0837	-0.1893	0.088	-2.7896	0.65109	-0.71274	-0.24849	-0.26702	-0.12461	-1.1349	0.81395	0.10504	1.1509	-0.62265	0.29106	0.78644	-0.21105	-1.0076	-1.3052	0.60779	-0.97299	-0.69527	-0.77057	0.083717	0.56878	0.087772	-0.83602	1.105	-1.3822	1.3992	-0.7279	1.9338	-1.6763	0.17141	-2.3927	0.62602	-0.7383	-0.66112	-0.028649	0.41245	-1.4156	1.0859	-0.59246	-0.47753	-0.6506	-0.12577	-0.69159	0.61982	-0.1615	-0.075958	0.80815	0.87266	-0.35038	2.2302	1.4539	0.51278	-0.20448	0.19803	-0.30373	-1.06	0.94942	0.068082	-1.6713	0.67429	0.21455	0.18823	-0.032039	0.23719	-1.6592	0.23856	0.08106	0.13821	0.25273	-0.23202	-0.49951	-0.17199	-0.22762	0.38904
7	0.0046344	-0.70116	1.1961	-2.0011	2.2714	-1.0218	-0.30851	1.1651	-1.3368	1.7066	-2.3303	0.55172	-1.3065	1.4877	-0.17615	0.50199	-0.93508	0.69178	-0.32107	-0.90239	-0.55173	-1.8185	-0.63633	-0.6494	0.034338	-0.71047	0.40568	-1.9921	0.32644	1.2188	-0.072844	-1.579	0.75001	-0.51489	1.6372	0.10346	0.12954	-1.4042	1.2158	0.59539	-0.25054	-1.2315	1.7273	-0.25057	-0.22063	0.88434	-0.26694	0.49404	-1.3582	0.59659	1.0857	1.4111	1.3129	-1.7294	0.73091	-0.59156	0.43064	2.1916	-1.228	-0.56278	1.2762	-0.47905	0.83976	-0.3374	-0.092903	0.24034	0.31838	-0.79468	-1.1938	0.10565	-1.3018	-1.0142	-0.9234	-0.167	-0.052286	0.10173	1.9787	-1.2164	-0.27228	0.9548	-0.94882	-0.70997	0.35135	0.29474	0.016196	1.5582	0.31983	-0.37881	0.10707	-0.49739	-0.063145	0.77632	0.77497	0.68999	-0.55362
7.25	0.0044782	-0.75326	1.2825	-1.9525	1.8885	-0.28767	-1.075	1.713	-1.4484	1.9669	-1.6489	0.024159	-0.4099	-0.29099	0.92385	-0.18575	-0.75911	-0.04463	0.020924	-0.57062	2.1458	-1.8127	0.47494	-0.26889	0.63858	-0.22068	1.1223	-2.1982	0.32677	-1.6997	-0.59511	-0.70786	-1.4652	-0.24949	0.85055	0.047217	-0.11509	1.304	0.72962	-0.81512	0.49388	-0.12723	-2.9302	0.70579	-0.50657	0.76674	1.2405	-0.33464	0.59204	-0.37751	-1.4795	1.159	-2.0717	1.6051	-0.29561	0.58878	-0.48697	-1.6174	1.2501	1.2097	-0.73668	0.36494	-0.8193	1.1886	-0.2891	-0.82161	-0.26708	0.21478	1.6219	0.42672	-0.90906	-1.2582	0.66796	-0.16535	-0.6239	0.087956	-1.1515	0.65944	0.24365	0.33842	0.94722	0.74362	-0.51841	-0.72926	-0.21742	-0.66711	-0.274	-0.85014	-0.19049	0.43312	0.71768	-0.83648	-0.73699	-0.89375	0.20337
7.5	0.0056351	-0.80538	1.362	-1.8825	1.4876	0.35454	-1.5733	1.8515	-1.2094	1.6375	-0.34701	-0.040285	0.56088	-1.7651	1.3518	-0.70811	-0.17587	-0.76544	-0.22967	0.22796	3.1995	-0.41631	0.56608	0.47704	0.65351	1.1236	1.0471	0.60541	0.10939	-0.32232	1.7185	0.23543	1.3315	1.0121	-1.2988	0.025688	-0.45676	0.64344	-0.90829	0.95451	-0.39234	1.8451	1.574	-0.77875	0.27328	-1.1461	-2.6766	-0.17727	0.44264	1.3367	1.2347	-2.0715	0.77762	0.62996	0.35873	1.4317	-0.46219	0.62359	-0.34126	0.086664	-0.087134	1.6132	0.25855	-0.72776	-0.15237	0.2749	0.84909	0.34245	-0.64509	-0.39364	1.3575	1.6548	0.4276	1.3209	0.95823	-0.51089	-0.6647	-0.077597	0.14122	-0.36873	-0.33357	0.30358	-0.46552	0.44211	0.21036	0.37241	-0.40784	2.2184	0.4584	-0.2295	-0.65975	0.51062	0.036321	0.30393	0.10167
7.75	0.0081735	-0.8572	1.4322	-1.7902	1.0794	0.88504	-1.8203	1.723	-0.78581	0.95773	0.91558	-0.16048	1.3159	-2.143	0.81679	-0.45206	0.47676	-1.1623	0.20991	0.89679	1.0128	1.9948	0.57912	0.56696	-0.35255	0.087783	0.21581	1.5377	-1.1261	-0.65857	-0.62833	1.4996	-1.5486	-0.31654	0.35738	0.02608	0.98487	-0.93658	-2.2031	-0.34722	-0.3284	-0.74787	0.63883	1.1102	0.066376	-0.76546	1.6029	-0.12479	-2.0164	-1.5528	-1.432	0.5814	-0.015576	-0.55747	-0.5167	-3.1398	0.94362	-0.5571	-0.45831	-1.0729	-0.37851	-2.2052	0.25695	-0.17486	0.85191	1.4453	-0.83568	0.01607	-1.1705	0.089121	0.058354	0.89265	-1.0803	-1.4977	-0.27168	0.40911	1.0227	0.23042	-0.070244	-0.35439	-0.38339	-0.95453	1.1299	0.40273	-0.12182	-0.48392	0.40884	-0.97629	-0.40726	0.18093	-0.073863	-0.20154	0.22745	0.7535	-0.079301
8	0.012131	-0.90908	1.4919	-1.678	0.68011	1.2889	-1.8559	1.3623	-0.2828	0.045089	1.8368	-0.19724	1.6894	-1.4343	-0.092848	-0.36902	1.0466	-0.653	0.70041	1.1228	-1.1495	1.5472	-0.041254	-0.093794	-0.35354	-0.26623	-1.8999	1.825	0.18921	0.33492	-0.87121	1.0645	1.3457	-0.71661	-1.1437	0.51394	-1.4364	-0.038952	2.9901	-0.92047	0.32713	-0.71878	-1.0508	-1.7095	0.14537	2.5226	0.37852	1.3191	2.5191	0.04159	0.56139	0.59489	0.49045	-1.7515	0.96413	1.5952	-0.81345	0.98911	-0.0096878	-0.040273	1.1211	0.087252	-0.014118	-0.86279	-1.0749	-1.8803	-0.79238	-0.59768	0.95481	-0.09385	-0.22399	-1.3507	0.28228	0.070706	0.10646	0.63171	0.31913	-0.24053	-0.49612	-0.17602	0.36255	-0.22993	0.43917	-0.37688	0.072115	-0.41944	0.46218	-0.8915	-0.013819	-0.3339	0.0076443	0.14099	0.37739	-0.62798	0.29153
8.25	0.017455	-0.96058	1.5396	-1.5473	0.30064	1.5653	-1.7152	0.85792	0.25431	-0.87949	2.1332	-0.41736	1.4447	-0.2216	-0.92013	0.070286	0.82369	0.060493	0.73089	-0.017757	-2.6778	0.71702	-0.7862	-0.31149	-0.8457	-0.41857	-0.38597	-0.037701	0.64102	1.1643	0.50284	-1.5498	0.63941	0.2551	0.026402	-1.4177	1.2575	-1.1045	-0.17224	0.80542	0.70466	-0.016073	1.1255	1.588	0.031117	-1.4061	-0.46528	-2.1556	-0.87013	1.1623	1.0022	-0.47346	-0.084974	0.58794	-1.2511	0.2824	1.5889	-1.2712	0.21703	0.54955	-0.37591	1.0164	-1.1633	2.4522	0.85105	0.41158	1.4935	0.44951	1.2817	-0.032745	-1.1976	-1.7932	0.45847	0.35081	-1.1994	-1.1551	-0.60335	-0.7693	0.60379	0.87561	-0.39182	1.0306	-1.9805	-0.55393	0.067059	1.4466	-0.38647	-0.37168	-0.17146	0.39118	0.58665	0.49008	-0.68366	-0.56784	-0.9002
8.5	0.024169	-1.0119	1.5742	-1.4006	-0.051849	1.7234	-1.4461	0.30886	0.71241	-1.5528	2.0074	-0.66593	0.62429	1.0222	-1.2563	0.36737	0.58333	0.56202	0.30228	-0.94674	-2.2602	-0.63785	-0.6992	-0.26616	-0.41156	-0.8362	-0.17953	-2.0521	-0.89119	0.20448	-0.66697	-0.32053	-0.54387	-1.0943	2.2734	0.1571	-0.84303	0.49629	-1.0734	1.0789	-0.0062506	0.09594	-2.0764	-0.22663	-0.85573	-0.97555	0.58761	1.0871	-1.2246	-0.42782	-0.85751	0.45887	0.15487	2.1268	1.036	0.54544	-1.6554	1.7038	1.4809	0.8137	0.30593	0.52122	1.772	-1.4006	0.39837	0.29258	0.80618	-0.23287	-1.7709	0.40306	1.1047	2.1469	0.26941	1.053	1.4859	-0.1535	-0.3851	0.79478	-0.43529	0.083233	0.34172	0.1273	0.48392	0.31271	-0.058264	-0.3758	-0.29955	1.7201	0.5271	-0.19386	-0.13471	-1.018	0.26443	0.635	0.77572
8.75	0.032295	-1.0629	1.5955	-1.2423	-0.3665	1.7707	-1.0963	-0.27602	1.0376	-1.925	1.368	-0.54741	-0.25088	1.7469	-0.83573	0.5649	0.06954	1.0447	-0.43979	-1.0441	0.021753	-2.1912	0.075282	-0.62432	0.82504	0.25145	-0.34384	-0.62479	1.3688	0.14127	1.6646	-1.5652	-0.3597	1.4057	-1.2599	0.80343	-0.044641	1.4802	0.60785	-1.6091	-1.05	1.2478	1.6609	-0.35433	1.7725	0.79441	-0.73311	0.85184	-0.61883	-0.68983	0.12483	-0.6327	-1.2712	-0.27856	-0.36281	-1.5893	-0.38938	-1.0397	-1.9763	-0.085011	-1.9963	-0.66461	-0.3277	0.27445	-2.3759	-0.40274	-2.6239	-0.24096	-0.37635	-0.65189	-0.31256	0.65071	-0.76183	-1.1321	-0.90089	1.0749	0.30475	0.29789	0.89987	-0.81162	0.65497	-0.10552	1.2569	-0.0091966	-0.45803	-0.49194	-0.63954	0.15191	0.57996	0.20574	-0.55985	0.27389	-0.85009	0.18998	0.081912
9	0.041697	-1.1129	1.6018	-1.073	-0.64513	1.7318	-0.68729	-0.77537	1.2395	-1.8961	0.4231	-0.39581	-1.3257	1.7863	-0.42671	0.53561	-0.732	0.63235	-0.88936	-0.94742	1.1186	-0.98436	0.68766	0.8752	0.61738	0.4546	0.36482	-0.742	-0.14973	-1.0546	-0.12381	1.6035	-0.13451	0.40039	-0.36638	0.41438	1.7072	0.18753	-1.2426	1.8979	0.77311	-0.44464	-0.6632	0.22736	-1.8194	1.0719	-1.1253	0.0065808	2.8631	0.7208	-0.53453	0.63955	0.59347	-0.92555	-0.38226	0.79643	0.93597	-1.3084	-1.2031	-1.0701	1.5149	-0.77715	-1.1407	-0.88333	1.354	1.7156	0.2861	1.3097	2.1055	0.60791	0.48898	-0.7748	-0.39413	-0.37356	1.0679	0.25809	0.1362	0.33418	-0.31139	0.18479	-1.4161	-1.4352	-0.41435	1.3516	0.37073	-0.67704	1.336	-0.12701	-1.3805	-0.21763	0.036769	0.57319	1.6467	0.042761	0.054844
9.25	0.052448	-1.1625	1.595	-0.89873	-0.87744	1.6148	-0.2542	-1.2039	1.2744	-1.5842	-0.44528	0.025825	-1.856	1.2466	0.29132	0.073276	-0.9804	0.28641	-1.1846	0.15395	1.7578	-0.18802	0.64634	0.41606	0.86953	0.54582	0.64475	1.1498	-0.395	-0.15128	-0.18692	0.69322	-1.6989	0.4128	-0.74774	0.41618	-2.456	0.17418	1.2089	-2.2195	-0.6669	-0.81149	1.0335	-0.25387	0.5914	-1.3909	0.87173	-1.2383	-0.19691	-0.10982	-0.10855	-1.0389	0.59045	-0.25602	0.80698	-0.43709	0.35833	1.1018	2.6371	-0.26053	0.87002	0.57923	-0.88411	0.5411	2.4076	-0.90924	1.4234	-1.6074	-1.5342	-0.042246	0.044745	0.17356	0.7852	0.65296	-0.6102	-0.62887	-0.16406	-1.1581	-2.3724	0.20856	0.1904	0.4959	0.17217	-1.258	0.3853	0.91025	0.037384	-2.1768	-0.54392	-0.19311	0.26355	0.26068	-0.47951	-0.1952	-0.71061
9.5	0.064422	-1.2104	1.5738	-0.71933	-1.0711	1.4419	0.16753	-1.476	1.1728	-0.99415	-1.3074	0.52193	-1.9367	0.23291	0.59614	-0.13531	-1.0643	-0.41876	-0.70351	0.94539	1.4435	0.98939	0.2681	0.67911	-0.81282	0.0056118	1.2606	0.60579	-0.57516	0.34578	-0.86684	1.3172	1.0297	-1.0524	-0.15112	-0.28048	1.7721	-1.6641	-1.0256	0.64148	0.58015	-0.37184	-0.17184	-0.53776	0.0078256	0.099874	1.0137	0.37221	-1.5107	0.58729	0.3969	1.2835	-0.0008192	-0.94138	-2.5504	1.7385	-0.061667	1.7831	-0.027213	-1.0088	-1.3191	0.99699	2.0591	-0.41655	-1.9143	-1.5649	0.11766	1.0088	-0.34561	-0.77273	-0.30581	-0.95676	0.85445	-0.88002	-0.33494	-0.29468	0.50265	-0.0040993	2.4604	-0.1207	1.6026	0.96592	-0.63943	-0.35208	-0.36624	-0.44911	-1.3436	0.34149	1.1411	0.52997	0.093367	-1.133	-1.0193	-0.84532	0.33311
9.75	0.077654	-1.2571	1.54	-0.53989	-1.2208	1.2199	0.56369	-1.6074	0.93162	-0.30532	-1.7921	0.96811	-1.3039	-0.54467	0.85485	-0.55641	-0.73674	-0.69304	0.24571	1.4472	0.57549	1.4171	-0.034199	-0.025094	-0.2965	-0.22684	0.14218	0.92627	-0.048369	0.27465	-0.64088	-1.1925	0.54175	-0.12616	1.0673	-1.46	-0.76648	-0.44206	0.86241	0.78367	-0.42045	0.7044	-0.84429	1.121	0.45084	0.77029	0.19368	0.54235	1.1479	-1.0577	1.6176	-0.11951	-0.2785	0.60767	2.897	-1.589	-0.39673	-1.6325	-0.30891	1.6717	0.84587	-2.4947	1.1097	2.5992	-1.5873	0.87276	-0.20711	-0.48998	-0.52431	0.034126	-0.20014	0.5467	-0.88269	2.0687	-0.59866	-0.22734	-0.57613	0.16436	1.2834	-0.28972	-0.99626	0.14569	-1.4633	-0.097093	0.10859	0.29644	1.6466	1.9451	0.15185	-0.39196	0.45092	-0.15511	0.80507	0.29592	0.28026
10	0.092087	-1.3018	1.4937	-0.36192	-1.3303	0.96578	0.90777	-1.5885	0.62884	0.37174	-1.9753	1.0838	-0.42731	-1.21	0.98672	-0.73698	-0.16414	-0.6872	0.78371	0.87858	-0.55265	1.035	-0.85706	-0.41735	-0.61455	-0.35295	-0.14557	0.044418	0.28408	0.13429	-0.17443	-1.0565	0.81222	-0.35989	0.71557	-0.45747	0.32872	0.60697	0.51265	-0.93534	-0.22385	0.43403	-0.1821	0.022258	-0.49869	0.2404	0.52206	-1.1918	-1.7651	-0.14597	-0.54151	-1.3123	0.13067	1.2959	0.37156	-0.12798	-0.12135	0.55637	-2.4783	1.4922	-1.1328	2.0425	-0.98605	-2.4295	1.0122	-0.53468	-0.57313	-0.50115	3.277	2.321	0.66546	-0.14306	-0.765	-1.3442	0.85228	0.19812	-0.19209	1.379	-1.9101	0.67797	-1.5119	-0.087093	1.8157	0.65639	0.14689	0.79071	-1.0811	-0.38824	0.6532	-0.014952	-0.49976	0.88725	0.23335	0.72975	-0.16072
10.25	0.1077	-1.3444	1.436	-0.18743	-1.4014	0.68939	1.1806	-1.4378	0.26446	0.98552	-1.8282	0.9651	0.49562	-1.4521	0.76644	-0.42904	0.65145	-0.33009	1.2691	0.57036	-1.2236	0.26824	-0.43543	-0.94735	-0.046351	-0.02976	-0.54671	-0.57258	0.31408	-0.56206	0.83169	-1.4181	0.22405	-0.018803	0.30239	0.22719	-0.13848	0.078405	0.24441	0.39031	1.3022	-0.34016	-0.060414	-0.95666	-0.55371	-0.65558	-1.9365	0.41493	0.78764	0.44571	-1.3467	0.23093	-0.11723	-0.43048	-0.79021	-0.19182	-0.39974	-2.027	1.8468	-0.42065	1.3651	0.24472	-1.3927	-1.0797	-0.2478	2.3248	0.57084	0.80817	-1.2542	-3.6204	-1.7891	0.37585	-0.10482	-0.3183	0.53057	0.60278	1.1896	-0.93429	-1.2259	0.31623	3.245	-0.51216	1.1403	0.64081	-0.77922	-0.44133	-0.63899	-0.12119	-0.17902	0.4459	-0.40574	0.22042	-0.99592	0.58014	-0.054433
10.5	0.12444	-1.3844	1.3679	-0.018317	-1.434	0.39957	1.3775	-1.1887	-0.096579	1.4301	-1.3534	0.58462	1.2983	-1.4026	0.074997	-0.19511	0.95519	-0.006248	1.1955	-0.4111	-1.0189	-0.85714	-0.84248	-0.52462	-0.070018	0.38482	-0.86138	-0.87316	0.45865	-0.52986	1.0933	0.17707	0.34157	0.60999	0.054962	0.72638	0.27211	0.88859	-0.024053	-0.84468	0.15126	-0.19169	0.067062	-0.60465	1.3676	-0.97051	-1.4052	1.1297	-0.14656	0.24912	-0.28894	0.34403	-0.91927	-0.021305	-1.3949	0.91856	0.88132	2.0653	1.297	-0.63292	-1.3395	-1.7106	-0.55361	1.2349	2.2468	-1.4232	-1.4268	1.2551	-2.0777	2.6943	0.91963	-0.79023	0.68709	-0.29799	0.56184	0.26405	-0.76853	-1.1804	1.7153	-0.54533	-1.5605	-1.3893	-1.0751	-0.59202	0.30266	-0.88555	1.3509	-0.12579	-1.0455	-0.54715	0.67567	-0.61496	1.5305	-0.33558	0.49343
10.75	0.14231	-1.4219	1.2908	0.1431	-1.4315	0.10935	1.4906	-0.85791	-0.44264	1.6996	-0.74851	0.10918	1.6798	-0.70469	-0.37935	0.22859	0.90174	0.28461	0.77678	-1.4662	-0.89935	-0.80006	0.2771	-0.87211	0.98949	0.11412	-0.4727	-0.2881	-0.61068	-0.16436	0.56222	0.67816	-1.0166	1.053	-0.26707	1.3176	-0.76009	-1.0161	-1.2587	0.99831	-1.323	0.60035	0.90315	1.1189	-0.23392	0.84363	1.286	-0.51667	-0.25623	-0.76094	-0.20633	1.9797	0.91878	-0.95706	0.19269	0.69329	-0.57029	-0.69331	-0.3908	-2.1148	1.1807	2.1812	0.31858	0.24587	-2.2996	0.21306	1.0038	-2.48	0.73642	0.43916	0.30637	1.4768	0.96273	0.9428	-1.8485	-0.91927	-0.70136	1.3648	0.30926	-1.4107	-1.3712	0.8675	-0.20603	0.57058	1.0219	-0.86529	-0.041058	-0.87102	-1.3589	-0.39007	-0.86265	-0.18304	-0.50165	-1.4536	-1.1502
11	0.1612	-1.4558	1.2048	0.29706	-1.3983	-0.17167	1.5155	-0.49771	-0.76747	1.7403	-0.08009	-0.53722	1.7513	-0.072731	-0.6144	0.23065	0.84728	0.48633	-0.35182	-1.648	-0.1436	-0.86827	0.096797	0.47254	0.14956	0.31223	-0.31554	-0.46292	0.049808	0.17706	-0.19365	1.8518	-0.17213	-0.28533	-0.76305	0.30942	0.8865	0.71501	-0.70849	0.052237	-0.96576	-0.70051	-0.40506	0.40883	-0.20439	0.60525	0.50164	-0.30315	1.2941	1.1651	0.44576	-0.1087	0.26414	0.10916	1.2092	-0.83494	0.26321	0.00096971	-1.2662	-0.1701	-0.87637	-1.3998	2.1434	0.75747	1.1572	-0.59231	0.18703	0.90985	0.70575	-2.3181	2.5867	0.14584	-0.19241	0.072556	-0.17689	0.77115	0.98218	0.28557	-1.4884	2.2084	0.44821	1.8979	-0.62446	-2.3488	-1.3133	2.0529	0.13325	-0.4681	2.3673	1.0683	0.9307	0.95192	-0.95963	0.49196	1.3952
11.25	0.18113	-1.4866	1.1119	0.44049	-1.3339	-0.43644	1.4657	-0.12589	-1.0355	1.6005	0.57315	-1.0617	1.3614	0.44488	-0.81634	0.48132	0.65564	0.62871	-1.2402	-1.0896	0.40559	-0.79528	0.27951	0.78879	-0.10371	0.051458	0.011325	0.13452	-0.14384	0.65657	-0.93926	1.801	-0.54243	-0.633	-0.78381	-0.39603	0.056705	0.39564	0.23781	-0.42237	0.12886	-0.47247	0.07478	0.2626	-0.53857	-0.06493	1.2751	-0.53701	0.90504	0.4108	1.0188	-1.7695	-0.6656	0.35696	-0.10972	-2.0262	0.36978	1.0637	-0.53856	2.1754	0.075971	-0.50449	0.094765	-0.46346	-0.26131	-0.79725	0.82962	0.16203	-0.32816	-0.097849	-2.7502	-2.0726	-1.5908	0.096071	2.0269	-1.5361	-0.73176	-0.79974	0.19087	-1.9674	1.2305	-0.44114	-0.034613	1.7669	1.5807	-0.75134	-1.9515	1.9269	-0.78336	-0.51625	-0.86398	-0.89506	-0.1165	0.60927	-1.9441
11.5	0.20208	-1.5141	1.0131	0.57246	-1.2428	-0.6754	1.3488	0.24137	-1.2332	1.2998	1.0775	-1.2608	0.69488	0.90267	-0.95047	0.8525	0.19378	0.47224	-1.2671	-0.21806	0.72176	-0.10794	1.3169	0.12537	0.088617	-0.20495	0.81728	1.1183	-0.30424	0.95339	-0.68226	-0.35778	-0.66025	-0.58122	-0.51597	-0.39321	-1.199	-1.0892	0.5469	0.73779	0.87311	0.6554	0.38558	-0.073049	-0.50103	0.30813	0.49786	0.044814	-0.82958	-0.78493	0.40841	-1.9902	0.1448	0.10497	-0.75814	0.8101	-0.60469	-1.0459	0.83875	1.2403	1.2707	1.25	-1.0385	-1.1906	-0.52959	1.252	-0.27132	-0.10482	-0.34822	2.4722	-0.8321	0.77021	1.5222	-1.4658	-1.3665	1.1783	0.15125	-0.14974	2.3886	1.218	0.83482	-2.2239	0.44119	-0.075095	-1.8848	1.6684	1.85	-0.094141	1.0226	0.30265	1.5648	0.35314	0.63888	0.22522	2.2196
11.75	0.22391	-1.5375	0.90838	0.6934	-1.1307	-0.882	1.1728	0.57872	-1.3497	0.85903	1.4354	-1.2706	0.077408	1.0813	-0.90537	0.53371	-0.48297	-0.0065269	-0.95582	0.45849	1.0739	0.4839	0.64591	0.88232	-0.88526	-0.13909	0.63058	0.58742	0.28695	0.56814	-0.58726	-0.92828	0.70259	-1.1447	0.35861	-1.2841	0.53205	0.79829	0.82433	-0.14715	0.98765	0.0039324	-1.249	-1.2263	0.46906	-1.3003	-0.84959	0.44376	-1.8639	-0.77317	0.37088	-0.19672	-0.43573	1.2808	0.20385	1.9667	-0.56471	0.61934	0.34007	-2.0215	-1.0791	-1.7639	-1.3149	0.44301	-0.2124	0.32986	-0.75295	0.29201	1.502	-2.0439	-0.55281	0.97305	-0.47602	2.2456	-1.4223	-0.34641	1.8149	-0.34424	-0.80578	1.2298	-2.6001	0.53886	1.0196	0.46526	0.4098	-1.8487	-0.010039	-0.92457	-0.72536	-0.082176	-1.8508	-0.1267	0.43613	-0.82018	-0.82058
12	0.24666	-1.5573	0.79981	0.80066	-0.9984	-1.0531	0.95631	0.87663	-1.3647	0.35843	1.597	-1.0936	-0.54796	1.1564	-0.35842	0.19016	-0.89556	-0.26012	-0.42344	0.86732	0.6807	1.2504	0.51675	-0.053407	-0.10612	-0.54436	0.44754	0.584	0.27372	-0.065247	0.10517	-2.1359	0.095332	0.26025	0.15687	0.35046	-0.79524	-0.83861	0.054234	0.18029	0.098503	0.34136	0.45608	-0.16668	0.29777	-0.044941	-0.90873	0.07327	-0.41899	-1.0259	-0.77381	2.8034	1.4748	-0.49035	0.34027	1.3282	1.2939	-1.5511	-0.066513	0.44144	0.67255	0.54041	-0.25113	1.1595	0.36317	-0.42325	-0.77301	0.10396	-1.6961	0.056933	1.2309	-0.98972	-0.78544	-2.5527	3.1286	1.6025	-1.7061	1.0583	-0.99239	-1.0856	0.0027583	3.0807	-0.45987	-0.59296	0.997	-0.42357	-1.1253	0.44586	0.29318	0.079729	0.80253	0.53875	1.0545	0.96319	-0.52742
12.25	0.27022	-1.5729	0.68737	0.89516	-0.85318	-1.1836	0.70741	1.1235	-1.2792	-0.17391	1.582	-0.77426	-1.0842	0.78277	0.26931	-0.2617	-0.86872	-0.42744	-0.094539	1.2439	0.17554	1.1458	-0.60011	0.34896	-0.37469	-0.53654	0.18685	-0.60164	0.34499	-0.71885	0.17545	-0.99597	0.82642	0.44406	0.44075	-0.15598	0.78019	0.30094	-0.36815	-0.031251	-0.13797	-0.35377	0.24424	-0.24933	0.61395	-0.22908	-0.90531	0.2581	0.81555	0.95265	-0.76182	1.7743	0.64832	-0.10924	0.58329	-1.0486	0.35934	0.51218	-0.10415	0.054281	-1.5402	0.7196	1.2724	-0.098202	0.044549	-0.3922	-0.60835	-0.51089	1.0001	1.3394	1.231	0.47309	-0.43135	1.2972	-0.52068	-1.6602	-0.045307	0.56835	-1.301	-1.2388	2.9083	-3.902	-1.2952	-0.029545	-0.39373	1.3045	1.5088	-0.56391	-1.7178	-0.87265	-0.13737	0.053092	-3.437	-0.16079	-0.13279
12.5	0.29457	-1.5844	0.5726	0.97513	-0.69673	-1.2745	0.44238	1.3028	-1.0909	-0.67232	1.4126	-0.27484	-1.4327	0.19676	0.63034	-0.4187	-0.64116	-0.36872	0.38907	1.3963	-0.22678	0.3076	-1.3376	0.09902	-0.0097198	-0.32491	-0.3502	-0.61355	0.3213	-1.0564	0.16004	-0.35212	0.39646	1.6098	0.55354	0.24767	0.29355	0.366	-0.49681	-0.8048	-0.48511	-0.17404	0.97522	1.232	0.61395	0.14079	0.33396	0.44099	1.1968	1.6606	-0.54088	-0.19845	-1.2467	-1.4411	-0.093004	-2.5124	0.12966	1.1974	0.72718	0.69341	0.085238	1.6027	1.3934	-0.49433	-0.040476	1.4871	0.92504	0.32308	0.97321	-0.8107	-0.44903	-0.68031	2.2539	0.57965	-1.1816	0.36456	-0.58685	-1.6079	-0.51868	-0.19637	-1.8222	1.0675	1.907	0.86249	-0.54415	-1.769	-0.39814	0.373	1.6628	0.047406	1.2392	-1.7037	2.4556	-1.1793	1.7321
12.75	0.3197	-1.5922	0.45657	1.0401	-0.53421	-1.324	0.17181	1.4221	-0.82023	-1.0857	1.0642	0.48558	-1.5953	-0.15975	0.81422	-0.17048	-0.4372	-0.33522	1.1688	1.158	-0.62876	-0.14521	-0.14521	-0.60961	0.94893	0.21799	-0.58764	-0.50089	-0.56685	-0.84836	0.5158	0.30085	-0.070675	0.59985	0.5046	-0.29332	0.98157	-0.48861	0.20286	0.54549	-0.046805	0.055436	-0.75181	0.21288	-1.0716	1.6663	0.047204	1.2557	1.0272	0.21017	-0.16557	-2.0251	-0.91637	-0.90494	-0.94782	-0.65044	-2.1981	-0.48238	0.15811	-0.45534	-0.097769	-0.074975	-0.83833	-0.50361	1.4319	-1.3439	1.15	-0.64993	-1.6381	0.56236	0.56603	1.227	-2.1497	0.028289	-0.3456	-0.81547	-0.24195	0.75336	3.0043	1.7575	0.13991	0.98352	-0.05491	-1.4304	-0.085722	1.3992	-1.2544	-1.2463	-0.4273	1.4052	-2.0766	0.75087	1.0163	0.46783	-2.6286
13	0.34543	-1.5953	0.33915	1.0912	-0.369	-1.336	-0.092173	1.4543	-0.47861	-1.4265	0.66234	1.044	-1.2896	-0.64132	0.65108	-0.54273	-0.54871	-0.24381	1.2672	0.222	-0.41446	-0.73592	-1.0632	-0.2427	0.55882	0.38301	-0.66302	-0.15491	-0.48253	0.1682	0.60729	0.8046	-0.90486	0.57266	0.45046	0.1761	-0.65876	0.23965	0.38938	-1.0377	-0.30517	0.49386	0.23133	0.55157	-0.31544	0.81224	0.79502	-1.3847	-1.306	-0.87488	-0.079504	-1.4562	-0.38574	0.66949	-0.7863	0.86572	-0.38085	0.5662	-0.57542	-0.8216	1.9612	-2.0181	-0.60003	-0.53821	-0.84214	-0.16214	0.70938	0.50122	-0.12905	-0.168	0.13515	-1.4732	2.2724	-1.0275	0.12198	0.76339	2.5282	0.99728	-0.94584	0.56434	-0.46882	-0.16528	-2.8722	0.1206	1.6786	-1.4373	0.30297	2.5823	-0.51894	-0.25407	0.12229	1.3719	-2.6374	1.0538	1.4085
13.25	0.37184	-1.5945	0.22224	1.1271	-0.20599	-1.3096	-0.34412	1.425	-0.10252	-1.6053	0.12956	1.5001	-0.85614	-0.65238	0.7757	-0.59991	-0.30114	-0.13316	1.1202	-0.6982	-0.50872	-0.54176	-0.23075	0.10988	0.41308	0.67251	-0.64748	-0.54692	-0.2709	0.051299	0.20718	1.5729	-0.071505	-0.74624	-0.078384	-0.075584	0.84004	0.4233	0.19934	0.027252	0.14936	-0.14266	-0.67411	-0.75573	-0.24048	-0.50709	0.44314	-1.7456	-0.28128	-0.57965	0.83329	-0.27756	-0.14537	1.6491	0.45275	1.815	1.089	0.094923	-1.9881	-0.96242	0.49697	-0.65222	-0.35367	1.3685	-0.82179	-0.065709	0.072694	0.49899	-0.35019	-0.36759	-1.2515	1.708	-0.2772	0.026478	1.078	0.75433	-0.80046	-1.3619	0.14778	-2.6397	0.88767	1.1762	2.4184	0.87996	-1.5229	3.2949	0.7603	-1.4039	-0.54464	-2.4371	1.2891	-1.1881	0.50555	-1.0432	0.52708
13.5	0.39879	-1.5894	0.10615	1.1485	-0.045325	-1.2528	-0.56858	1.3123	0.29496	-1.6551	-0.35377	1.6037	-0.27595	-0.62704	0.85221	-0.6	0.14065	0.12247	0.3315	-1.1989	-0.50059	-0.49699	0.15166	-0.49769	0.42782	0.447	0.069295	0.081729	-0.1607	0.64145	0.24797	0.86187	-0.50371	-1.0144	-0.90874	1.0169	-1.0337	-0.28755	0.11963	-0.022086	-0.0098688	-0.10452	0.34663	-0.61194	-0.53466	-0.77451	-0.21627	-0.87615	-0.099941	-0.32591	0.45808	1.0839	1.2883	0.77418	0.71634	1.0759	1.6852	-0.96553	0.15625	-0.075073	-0.67851	0.41878	1.0312	-0.88653	0.38197	0.072084	-1.7491	-0.6021	-0.16792	-0.48575	-1.72	-0.31224	-1.8258	1.0569	-0.67395	-1.4957	-2.1639	0.035619	0.032888	1.1494	-0.73188	-2.4114	-1.1959	0.12515	-0.88925	-2.8346	0.056484	-0.71693	3.7071	2.1857	0.68008	-0.10842	0.40768	1.439	-0.81212
13.75	0.42624	-1.5801	-0.0084266	1.1558	0.10706	-1.1648	-0.76772	1.1388	0.66179	-1.5508	-0.80502	1.4076	0.23504	-0.6528	0.63929	-0.22689	0.6215	0.46434	-0.48834	-1.32	-0.42552	-0.46026	0.25554	-0.42458	-0.089652	0.23844	1.0817	0.39918	0.09316	0.57797	-0.38652	0.52393	0.040902	-1.0491	-0.88195	0.48404	-1.2842	-0.59579	-0.17631	0.24687	-0.21934	0.14832	-0.23171	-0.36728	-0.066288	-1.7799	-0.23995	0.21483	0.36644	0.027934	0.26544	1.7489	1.4645	-0.031249	0.82012	-1.0916	-0.2273	-0.96369	1.5395	1.6831	-1.5595	-0.24183	-0.12868	-0.084595	-0.35644	0.8242	-0.76036	0.026697	1.146	0.063199	1.5078	-1.0836	0.52034	-0.76096	0.019589	0.35314	1.7876	-0.70922	1.1286	0.79986	-0.18848	-0.82123	1.8782	-1.478	2.0158	1.6029	-1.8474	2.0563	-2.396	0.98918	-1.0571	0.67269	0.9118	-3.2266	0.50278
14	0.45415	-1.5667	-0.12038	1.1495	0.24947	-1.0534	-0.93383	0.9246	0.98718	-1.2914	-1.1838	1.1194	0.6882	-0.64873	0.14055	0.20185	1.0269	0.54246	-0.88194	-0.87733	-0.025722	-0.61037	0.71754	0.16149	-0.89407	0.22704	0.85733	0.38751	0.13541	0.50623	-0.43681	0.19878	0.66201	-0.82372	-0.23393	-0.27836	0.13381	-0.16028	-0.51446	1.2663	-0.0076725	-0.040369	-0.098621	0.081517	1.4751	-1.3095	-0.078244	1.5265	-0.12161	0.93479	0.7193	-0.094522	-1.1541	-0.71755	0.17879	-1.356	-0.52087	0.51943	0.28648	1.1893	-0.088936	1.6634	-0.33617	0.82426	-0.99471	-0.96282	0.33363	-0.25943	0.71942	0.46885	0.072846	0.1639	0.36142	-1.03	0.23955	1.2977	0.090463	0.075719	-1.2287	0.73757	0.71919	2.3257	-1.4803	1.4252	-1.13	-1.3784	2.8711	-2.0219	-2.3035	0.13998	-2.1803	-0.617	0.37185	3.4883	0.60868
14.25	0.48243	-1.5493	-0.22917	1.1299	0.38224	-0.92239	-1.0614	0.6652	1.2453	-0.9391	-1.3889	0.69886	1.045	-0.47584	-0.53206	0.62451	0.97036	0.37754	-0.86889	-0.57451	0.44243	-0.41158	0.97101	0.1586	-0.92787	0.015601	0.49487	0.9656	0.33318	0.267	-0.61626	-0.78049	0.50004	-0.35901	0.30764	-0.5799	0.4165	0.13207	-0.46737	0.70603	-0.33318	-0.56755	-0.67393	0.40071	1.1113	0.77256	-0.24441	2.1057	-0.071652	0.34599	-0.212	-0.22766	-0.58283	-1.2259	-0.72356	-0.55664	-0.86113	0.52768	0.21547	-0.14536	0.11367	0.41655	-1.6573	-0.073945	1.6538	0.2931	0.52177	0.66864	-0.77087	0.21053	-0.14785	0.197	-1.0087	1.2141	-1.0474	0.10703	0.048851	2.4809	-0.35634	-0.84057	-0.1146	0.44419	0.63889	0.69027	1.0692	-0.60452	-0.6506	0.31926	2.0024	-3.014	4.1528	2.2824	-1.7198	-1.494	-1.0977
14.5	0.51101	-1.5279	-0.33431	1.0979	0.50286	-0.77515	-1.1537	0.37427	1.4336	-0.51445	-1.4132	0.19383	1.3442	-0.15852	-1.0403	0.72703	0.56748	0.16936	-0.65056	-0.41152	0.8045	0.26581	0.70022	-0.083413	-0.64441	-0.57658	0.18173	1.2041	0.59944	0.14202	0.25254	-1.8163	-0.11977	0.78817	0.53365	-0.015832	0.20419	0.94484	-0.38751	-0.20148	-0.084676	0.18108	0.034305	0.75726	-0.099908	1.9604	0.1795	0.29831	-0.97907	-1.0334	-1.1033	-0.62403	-0.11447	-0.84135	-1.7455	0.52169	-1.0653	-0.50683	0.53514	-0.7737	1.2852	-1.2407	0.72718	-0.44044	-0.080024	0.30949	-0.11944	0.63238	0.53761	-0.081052	0.62255	-0.79537	0.59124	-0.15752	0.84669	-1.2648	-1.1421	-1.3032	-2.3345	-1.2523	-0.51232	-1.1398	-1.47	-0.9548	-0.58425	2.7404	0.20158	0.50545	2.2616	0.099537	-3.1641	-2.9375	0.82522	-1.0835	-0.62436
14.75	0.53991	-1.5027	-0.4348	1.0549	0.60802	-0.61673	-1.2014	0.076143	1.5182	-0.091527	-1.3608	-0.36202	1.4246	0.14361	-1.1405	0.42614	0.037979	-0.18832	-0.68398	-0.25868	0.87014	0.89558	-0.0080019	0.25151	-0.83813	-0.19602	-0.70026	0.23736	0.70024	-0.38646	-0.32086	-1.7078	0.1214	1.3135	0.13549	-0.17761	-0.24941	0.734	0.21987	-0.49646	-0.28691	0.36367	0.72423	0.62223	-1.0677	0.96562	0.14798	-0.89081	-0.14644	-0.51695	-0.63157	-0.23792	-0.36913	-0.32137	0.51961	1.2763	1.3243	1.3043	-0.86502	-0.66287	0.22963	-1.2508	0.97917	-0.037711	0.13858	0.92665	1.1589	-0.77443	1.0138	0.28826	0.35236	0.13524	1.0417	2.0114	1.332	-1.193	0.13856	-0.25111	2.3943	-0.13087	1.4951	0.047929	2.0405	-1.818	-0.75837	-1.4203	-1.7541	-0.7571	-2.722	1.9753	1.895	0.5976	0.19876	2.8331	0.8177
15	0.56903	-1.4742	-0.53028	1.0006	0.69903	-0.45212	-1.2174	-0.1984	1.5041	0.36763	-1.2395	-0.78506	1.2306	0.66992	-0.74652	0.34564	-0.071329	-0.16496	-0.44672	0.30264	0.37601	1.5295	0.63231	0.40437	0.34144	-0.09842	-1.395	-1.039	-0.065878	-1.5113	-0.1558	-0.65553	0.12906	0.75199	0.16379	-0.57139	1.1892	-0.17978	0.6782	-0.10682	0.87966	-0.22349	-0.0040597	-0.90621	-0.74838	1.4492	0.96286	-1.3558	1.1663	-0.048256	0.9043	-0.63075	0.2002	1.2248	1.1779	0.087369	1.095	-0.10074	-0.80499	0.22758	-0.63354	2.3566	0.45935	1.6389	0.64678	-0.77297	0.29095	-0.19373	-2.6134	0.24574	0.21485	2.1031	-0.63078	-2.7664	-0.46594	0.40615	1.8654	-1.4631	-0.80786	1.4449	-0.75779	-0.74204	-0.51822	1.181	-0.54357	-2.1025	0.086162	1.2174	-0.42701	0.63248	-0.24825	-0.65562	-0.91248	-2.659	-0.30728
15.25	0.59818	-1.4415	-0.62073	0.93758	0.77754	-0.28341	-1.2024	-0.48036	1.4193	0.73041	-0.83483	-1.3626	1.0032	0.65584	-0.48214	0.016763	-0.22719	-0.16536	-0.55227	0.62222	0.070878	1.1917	-1.1312	-0.090272	0.33048	-0.53095	-0.032208	-1.1402	-0.25868	-1.0299	0.033985	0.6227	-0.34793	0.52195	0.28827	-0.21738	0.30475	0.075194	0.022777	-1.7455	0.97473	-0.3858	0.54446	-1.0378	-0.88824	-0.44208	-0.41034	-0.79942	1.0382	0.31124	-0.89807	-0.025997	1.3554	0.71318	-0.09531	-0.022299	0.57155	0.30419	1.169	0.20675	-0.64563	-0.29582	0.2844	-0.71327	-0.57634	-0.22869	-0.79994	-0.25891	-0.88509	-1.5205	-0.19913	-1.1698	0.055702	0.87003	-2.2859	1.7028	-1.4779	2.2222	1.9153	0.084064	-0.9546	0.49996	-0.26911	2.7889	2.8759	2.8481	0.080218	-0.97607	0.56969	-0.83676	-1.425	0.32852	0.039895	1.8397	1.7611
15.5	0.62746	-1.406	-0.70431	0.86545	0.84009	-0.11781	-1.1476	-0.71385	1.266	1.0214	-0.49616	-1.5397	0.41754	0.79434	-0.11866	0.04245	-0.01081	-0.37741	-0.11583	1.465	-0.33792	0.54918	-0.34893	-0.33755	0.64179	-0.76652	0.31004	-1.5377	-1.4925	-0.37914	0.41498	1.1662	-0.70303	0.19779	-0.13482	0.38563	0.021048	-1.3293	0.21101	-0.15624	0.75086	-0.54332	1.5184	-0.40424	-0.94074	-1.6641	-0.9704	-0.49736	-0.73929	0.68241	-0.20549	0.15071	0.081344	0.99883	0.048414	-1.0927	-1.3202	-0.21906	-0.53981	-0.3777	-0.024251	-1.6497	-0.77578	-1.7572	-1.0128	-1.5126	-0.71776	-0.54604	1.3534	0.6836	-0.25198	-0.41275	0.70396	0.80267	-0.39844	0.71302	-0.4051	-0.12582	-0.8244	-0.64136	1.7454	1.4404	-0.70099	-1.9646	-2.5807	-1.17	1.6384	1.8452	0.18315	-0.95186	0.6664	1.6585	2.2798	-1.3812	-2.4994
15.75	0.65674	-1.3669	-0.78229	0.78637	0.88623	0.046517	-1.0694	-0.93342	1.0219	1.2064	-0.1217	-1.643	-0.040629	0.41416	-0.076111	-0.11224	-0.31377	-0.21292	0.17199	1.7859	-0.28193	-0.52787	-1.0109	0.11574	0.21204	-0.23542	0.48974	-0.89585	-0.89962	0.9143	0.46832	1.3444	0.14948	0.40892	-0.47923	1.0403	-0.82437	-1.0024	0.54796	-0.41188	0.46989	0.77679	-0.84159	1.4839	0.86935	-1.6609	-0.38552	0.74386	0.965	0.42969	1.0828	0.44763	-0.45494	0.18956	0.52416	0.36763	-1.81	-0.74634	-0.23867	-0.080199	0.33666	0.096949	0.23449	0.40006	-0.31474	2.307	-0.0079373	0.49545	0.52972	0.94825	-0.2049	-0.052643	-0.65591	-1.8105	2.3568	-2.1559	0.8765	-1.3148	1.2046	-0.073392	-1.7085	0.065659	0.79304	-1.7283	0.7972	-0.73832	-0.25325	-2.4718	1.7617	-2.0393	-0.78382	-0.28836	-2.8283	0.71364	0.76906
16	0.68602	-1.3253	-0.85368	0.7004	0.91915	0.20372	-0.96371	-1.1076	0.75915	1.3393	0.23999	-1.3909	-0.45741	0.34086	-0.0058679	0.068552	-0.25284	-0.15846	0.99785	1.4361	-0.25667	-0.98048	-0.0095875	-0.04747	0.77611	0.2444	0.22626	0.071534	-0.6567	1.181	0.69008	1.3526	0.046206	-0.61826	0.41647	-0.2936	0.067135	-0.32118	0.72721	-0.20712	-1.1001	0.046826	-0.77246	-0.39455	1.6288	-0.5355	-0.29708	1.6037	-0.68743	0.7262	0.10112	0.22772	-0.81176	-0.64408	-0.99352	-0.030555	0.63311	-0.61235	-0.033761	-0.5634	0.72392	0.83325	-0.73575	0.34589	0.16049	-1.1184	0.82921	-0.4508	1.3292	-0.8443	-1.1294	1.737	-1.6122	0.1314	0.1842	1.1809	0.44756	1.0221	-1.3065	-1.2724	-1.2983	-1.4254	-0.88865	-0.25609	0.74903	1.7797	-0.77246	1.3932	-1.3637	4.0906	2.7466	-2.2757	0.39909	0.56635	0.78561
16.25	0.7152	-1.2806	-0.91853	0.60987	0.93797	0.35057	-0.8338	-1.2474	0.46885	1.326	0.54875	-1.1051	-0.73176	0.028504	-0.024978	-0.22056	-0.60315	-0.21155	1.3462	0.73551	-0.044092	-1.09	-0.38213	0.096697	1.0723	0.081008	-0.066075	1.2129	-0.021056	1.6479	0.62237	0.058886	-0.76529	-0.43429	0.27216	0.14062	-0.26516	0.18373	-0.29669	0.83575	-1.2006	1.0211	-1.1691	-0.18961	2.175	0.87603	1.3445	-0.88551	-0.55939	-0.63928	0.14415	0.21227	-0.10359	-0.67933	-0.46892	-0.24168	0.37194	-0.87226	-0.12229	-0.463	-0.15462	0.70764	1.3757	0.7999	0.88009	-0.16767	-0.61677	1.779	-1.3149	0.44604	-0.21332	-1.7554	0.91802	2.3392	1.5794	-0.59051	-0.59948	0.79604	-0.61498	1.9615	1.1097	-0.33488	0.79459	2.8779	-2.0626	-0.058926	-0.65218	-0.4609	-0.90535	-0.0016652	-1.7155	2.9829	0.99552	-1.6022	0.91537
16.5	0.74424	-1.234	-0.97578	0.51429	0.94074	0.49186	-0.69374	-1.3141	0.13575	1.2568	0.77896	-0.6145	-1.0645	0.23206	0.35661	0.035778	-0.54616	-0.93696	1.4851	-0.17649	-0.33483	-0.60266	0.80865	0.96148	0.69154	0.79991	-0.68425	0.49663	1.3559	0.79265	-0.65245	0.044442	0.90961	-1.2509	-0.07232	-0.58398	0.21494	0.76535	-0.72965	1.7035	-1.8916	0.22743	-0.79244	0.48043	-0.62494	0.11772	0.22091	-0.078988	0.055142	-0.73083	0.32026	1.1644	-0.55308	-0.63042	1.4259	0.24815	0.43307	0.82956	-0.47573	-0.35405	-0.19026	-0.32146	-1.7867	-0.66606	1.1039	0.38291	-0.78052	-0.33563	0.040581	-0.34165	0.82904	0.29408	2.0221	-1.6174	-3.1103	0.73961	-2.2927	-2.6603	0.037952	1.1826	1.4539	-0.35966	0.42718	-0.4735	1.3434	-0.086931	-1.0434	1.5429	0.21428	-1.6994	-0.34944	-1.0618	-0.48369	2.2424	-1.6475
16.75	0.77298	-1.1844	-1.0268	0.41637	0.93425	0.61779	-0.54197	-1.3513	-0.15661	1.1471	1.0733	-0.30291	-1.0548	0.021869	0.56238	-0.44083	-0.56934	-0.49746	1.1112	-1.1444	-0.30546	-0.080874	-0.34163	0.090175	-0.17394	0.16774	0.31531	0.92752	1.7197	0.49144	-0.11419	-0.62749	-0.094662	-0.8564	0.18932	0.022147	-0.27447	1.4104	-1.4946	0.90038	-0.79695	0.1276	1.2691	0.30989	-1.018	0.41108	-0.5486	0.088	-0.28199	-0.82781	-1.3725	-0.65221	-0.98251	0.99412	0.18821	0.89035	0.6845	0.70764	0.63762	2.5597	0.082382	-0.31206	-0.03628	-1.2973	-1.1925	-0.81025	1.7477	-0.67809	-0.29074	-1.3211	1.7498	-1.0943	-1.8561	-0.65235	0.1232	-0.77729	1.8975	-0.9094	1.0322	-1.9021	0.23014	0.40488	-0.20011	0.56387	1.2678	-0.64933	3.0991	-2.3891	0.93872	1.4098	0.66758	0.97384	0.47035	-2.0436	-0.18486
17	0.80161	-1.1333	-1.0704	0.31536	0.91164	0.73428	-0.38811	-1.3267	-0.47149	0.94623	1.161	0.036409	-1.0391	-0.28454	0.88202	-0.7869	-0.57109	0.39295	0.49712	-1.3318	-0.31339	0.0998	-0.41107	-0.22684	-0.27916	0.45078	0.30941	0.46073	1.5994	-0.35529	-0.80623	-0.37176	0.56502	-1.3985	-0.7228	0.99301	0.044053	0.94723	0.14389	-0.36913	0.59117	-0.84192	0.78247	-0.040477	-0.91521	1.218	0.19063	0.024919	0.21006	0.80375	0.4267	-0.83626	1.69	-0.65461	-0.96789	-0.51236	1.407	1.431	0.55768	0.80952	-1.3019	-0.50761	-0.25666	0.79514	-0.26933	2.2775	0.35982	-0.13074	-0.35032	0.18899	-2.7427	2.0204	0.73747	-0.2243	1.0644	0.49446	-0.46269	4.1503	-0.43179	0.50887	-0.46888	0.30125	-0.7602	-3.0717	-0.84194	-0.61075	0.23569	0.15612	-0.66071	-1.3912	-1.4399	-1.0634	0.21413	-0.91543	0.29901
17.25	0.82991	-1.0806	-1.1067	0.21286	0.87921	0.83133	-0.22686	-1.2555	-0.75566	0.76662	1.0806	0.43331	-1.0439	-0.37679	1.0301	-0.67528	-0.17528	0.81125	-0.17865	-1.103	-0.87687	-0.15086	0.41524	-0.54504	0.28228	-0.16471	-0.03968	0.82379	0.86034	-1.8648	0.22902	-0.3894	-1.1026	-0.97684	-0.76031	-0.099517	0.15377	-0.27193	-1.0222	-0.14319	1.7516	-1.6001	0.79034	-1.141	-0.92729	1.4221	-0.884	0.81825	-0.60271	-0.13045	0.88509	-0.73936	1.5606	0.88489	-1.1285	-0.82831	-1.1106	-2.0197	1.5156	-0.41504	0.83475	0.44515	1.3119	1.752	0.27209	-1.464	-1.5012	-0.55012	1.3335	1.769	1.3706	-0.22867	0.13274	1.4351	-0.093003	-0.65287	2.3627	-1.5814	-0.13683	-0.56091	-0.62159	0.91387	0.43347	1.4069	-0.6324	-0.11867	-2.0145	0.40891	0.22014	-1.1823	1.2551	-1.0392	-0.3909	2.2622	0.074575
17.5	0.85784	-1.0253	-1.138	0.10998	0.83633	0.90964	-0.047256	-1.1717	-0.99649	0.44776	1.0621	0.67168	-0.88899	-0.53025	0.6209	-0.30176	0.62192	0.50246	-1.2567	-1.2417	-0.065666	-0.40167	-1.1006	-0.69431	-2.0731	1.1487	-0.25553	-0.10043	0.51529	-1.411	-1.1174	-0.45717	-0.062363	1.073	-2.0317	-1.4356	-1.2486	-0.26869	1.3274	-1.2631	0.97842	0.43438	-0.68106	1.449	0.020586	-1.5071	0.83265	-1.5716	-0.50391	0.89973	-0.87825	0.88904	0.46054	-1.3452	0.98808	0.67176	-2.6035	0.8978	-1.1471	-1.6795	0.3009	0.15627	-0.40791	-0.2381	-0.39483	1.2237	0.67642	2.0855	-1.2791	0.76272	1.2779	-1.2831	-2.5481	0.024478	-1.065	0.42871	-0.83616	0.42753	0.037936	0.21012	0.08509	0.29214	0.33268	1.1008	-1.2736	0.29563	0.9548	1.2684	-0.54849	1.5085	0.39569	-1.2029	-0.45075	-0.15594	-0.54552
17.75	0.88543	-0.96965	-1.1605	0.00704	0.78264	0.9718	0.11362	-1.0126	-1.1718	0.21972	0.85365	0.99975	-0.85413	-0.49787	0.15944	0.19072	0.90387	0.96898	-0.96976	-0.82539	-0.50733	-0.18753	0.89196	-0.67973	-1.0011	0.45818	-0.044666	-0.08304	-2.1865	-2.4767	-0.98434	-0.50116	0.27587	0.75948	0.082318	-0.80695	1.0967	-0.70268	0.55137	0.6549	1.618	1.5295	0.02154	-0.34805	-0.62562	-1.1123	0.10442	1.6384	-0.79848	0.17995	-0.42825	0.052864	-0.96551	-1.0644	1.6799	-0.78391	0.95023	-0.077009	-1.7064	-0.22034	0.1018	-0.73627	-1.2917	0.40158	-0.42888	-1.973	-0.11142	-0.68633	-0.2813	-0.37801	-1.0218	1.2959	2.5683	0.058534	1.2105	-1.6884	-1.0168	-0.66277	-0.76508	-0.18476	0.50517	-0.86986	-0.74586	-0.060448	2.0324	0.42735	-0.9971	-1.143	1.5016	0.903	-0.54181	2.0396	0.62418	-0.83745	2.1897
18	0.9124	-0.91207	-1.1759	-0.092915	0.71723	1.0159	0.28085	-0.85779	-1.2842	-0.14786	0.78362	1.1161	-0.59453	-0.57191	-0.587	0.066515	0.96187	0.53817	-0.75029	-0.12055	0.56158	-0.23099	0.17669	-0.56484	-0.89984	-0.43139	0.85002	-0.22943	-1.8419	-0.034641	-0.60539	-0.42912	2.2917	1.6465	0.96932	1.7659	-1.4794	-1.4187	-0.052535	1.5562	0.40347	-0.079891	-0.68705	0.71835	0.28207	0.22347	0.62772	-1.5022	1.3353	-0.97763	0.10715	-1.4395	-2.0312	0.97334	-2.0761	0.89805	0.29526	-0.43708	-0.060638	0.26361	-0.98031	0.87008	2.9968	-0.36426	0.98916	0.13018	-1.4861	-0.45581	-0.39151	-1.3744	-0.58158	-0.44352	-0.41393	0.39151	-0.88994	2.5945	0.18937	-0.74919	-1.0721	-1.2077	-1.0064	-0.97172	0.52043	-1.6148	0.72416	0.24128	0.3495	-0.10977	-1.2511	-0.66585	0.028641	1.3018	-0.0033599	0.91305	-1.3728
18.25	0.93923	-0.85448	-1.1857	-0.19244	0.64463	1.0465	0.42942	-0.66949	-1.3777	-0.36824	0.48245	1.4173	-0.17344	-0.49334	-0.55572	0.5581	0.73346	0.347	-0.29626	-0.32087	0.59699	-0.66323	0.90714	0.8265	-0.33095	-0.24238	-0.65722	0.16098	-0.68871	0.53724	0.26956	0.86012	0.3357	2.2569	1.6332	-0.52365	0.16678	0.49878	0.38144	-2.2282	0.40674	-1.8233	-1.4378	-0.9152	2.3712	0.1598	-1.9517	0.6583	-1.2714	-0.83074	0.37898	0.43422	0.97006	0.80149	1.0184	-1.0914	2.128	-0.16849	0.24547	0.55482	1.8581	0.27432	0.6343	-1.4571	0.53364	0.4924	1.0224	-0.93369	1.5879	-1.3568	0.88544	-0.12528	0.95177	-1.3245	0.72902	0.01844	-0.8336	0.64143	2.9927	0.90334	-0.33065	0.24479	-0.56136	0.82546	-1.8975	0.088069	0.22526	0.26021	-0.13495	-0.41507	-0.31047	-0.46194	-1.1272	-0.98816	-1.9271
18.5	0.96533	-0.79529	-1.1889	-0.28747	0.56951	1.0491	0.58528	-0.49163	-1.3654	-0.58626	0.22971	1.4398	0.21204	-0.31839	-0.63274	0.82116	0.30886	-0.43594	-0.010345	-0.38967	0.61545	0.26404	1.048	0.24537	1.5275	-1.0857	-0.73999	0.66411	-2.2367	0.85773	1.4924	-0.83565	-1.2087	0.97622	1.266	-0.3765	0.58855	-1.3264	0.47408	0.82571	-1.4696	1.5336	0.14282	-0.78785	0.52047	-0.80667	0.19185	-0.8272	2.7297	0.12601	-1.3361	0.24026	0.24488	0.45451	-0.80374	0.45928	0.8734	2.4335	0.19321	0.42832	-0.50439	-0.43987	-1.9773	0.1762	-0.63887	1.1377	-1.5116	-0.86518	0.38572	1.1675	0.18166	-0.77727	-1.8401	0.52622	-0.47936	-1.3714	2.2362	0.78199	-0.5338	1.2174	1.5386	1.5463	-0.36895	0.12462	-0.19429	0.072483	-0.61202	0.23137	0.87238	-0.72885	0.22803	-2.389	0.7872	0.11575	1.1703
18.75	0.99115	-0.73647	-1.1852	-0.37966	0.48116	1.0535	0.69937	-0.26609	-1.3336	-0.70319	0.07959	1.3441	0.49084	0.15977	-0.36007	0.91774	0.0124	-0.76035	0.42955	-0.43244	0.73712	1.012	0.94993	1.3676	-0.46773	-0.68502	-0.3416	-1.0482	-0.13397	0.85212	1.0499	0.55912	0.58778	0.36255	0.60613	-0.33727	1.1481	0.55103	0.53056	-0.85455	-2.2047	-1.298	1.5077	-1.1903	-0.5448	-0.36912	-0.22835	0.76739	0.12105	-0.3096	1.3088	0.74519	0.95291	0.86454	-1.1377	0.76132	-2.8595	-2.6616	-0.27391	0.3383	-1.5075	-1.176	0.74833	0.51941	-0.77799	-0.68742	3.6317	0.59928	-1.1027	0.91937	-0.74737	-1.0015	0.5568	-0.9042	-0.70595	-0.77267	-1.4259	0.65992	-1.6437	0.82755	-0.10709	-1.0531	2.0299	-0.23228	0.86161	-0.77174	0.58325	-0.28568	-0.41824	0.016992	0.48345	0.087863	0.63308	0.65137	0.98967
19	1.0163	-0.67673	-1.1764	-0.46771	0.39354	1.0363	0.8069	-0.037892	-1.2223	-0.83129	-0.050133	1.0127	0.90534	-0.061121	-0.11882	-0.11067	-1.196	0.48735	0.064667	0.40174	0.78907	1.4722	0.37824	-0.30117	-0.74856	-0.58359	0.045226	-1.2969	-0.14438	2.4438	0.6633	0.12251	-1.1256	0.22604	0.52689	1.6121	1.1196	0.50551	-0.02298	-0.23606	0.1999	0.28435	0.96163	0.11032	-2.013	1.304	1.7817	0.24043	-0.53427	1.5102	2.6138	0.83058	-1.0767	-1.0363	1.1192	-0.011717	0.047389	0.41528	2.5107	-0.2892	-0.43221	-0.2506	-2.0999	-0.16602	0.99219	0.69508	-1.0343	0.55452	0.75294	0.6937	0.55609	0.82168	-0.36284	1.2537	0.89356	2.1451	-0.8551	-1.1403	0.48146	-2.0111	-0.27843	0.76616	0.18627	0.8612	-0.54016	-0.048745	0.33019	0.53296	0.66775	1.9042	-1.1868	1.213	-2.2078	-0.3416	0.29529
19.25	1.0409	-0.6168	-1.1625	-0.55261	0.2991	0.9912	0.90079	0.18394	-1.1321	-0.94015	-0.37985	0.75389	1.1195	0.29147	-0.15359	-0.35731	-0.56528	0.10894	-1.1453	0.267	0.95054	1.1572	-1.1567	0.043449	0.36513	0.38294	-0.88805	-0.18676	1.8176	1.3271	1.3711	-0.5718	-1.2957	-1.2176	0.13328	0.19313	-0.043362	0.75571	-0.29104	-1.4344	0.35653	-1.0771	-0.50289	2.4126	1.1399	-0.51247	1.1095	0.56331	0.63853	0.065074	-0.67852	0.28175	0.65334	1.1225	0.4224	-0.041201	-0.34753	0.19549	-0.46796	-1.1602	1.2928	2.2485	0.64084	-0.38711	-0.45657	-0.8955	-0.65162	2.9501	0.8081	-0.61804	-0.85274	2.3289	-0.3259	-0.51761	-0.51386	-0.69113	1.0268	-0.67973	0.74633	-0.13384	1.2131	-0.65391	-1.8096	-1.0758	1.8006	0.13678	-0.37004	-0.1665	-0.26554	-1.1054	0.072522	1.7021	3.1346	0.6112	-0.087321
19.5	1.0652	-0.55707	-1.1438	-0.63485	0.2042	0.93654	0.95111	0.41489	-1.0203	-0.97914	-0.58031	0.29947	0.91183	0.67101	-0.51414	-0.52648	0.20814	-0.0026707	-1.3633	0.28466	0.2808	1.7375	-1.2375	-1.3601	1.3537	1.0961	0.37092	-0.66577	1.0641	0.28131	0.57911	-0.45941	0.061621	-2.4461	-1.0653	-0.87614	1.1254	-0.12503	-1.391	-0.62268	-1.4782	3.0762	-1.2131	1.0005	-1.2161	-0.81674	-0.7024	0.86528	0.80749	0.034299	-0.97784	-0.81949	-0.036111	-0.87347	0.75545	0.1546	-0.32713	-0.44918	0.25774	-0.56178	-0.031702	-0.34726	0.90811	-0.87952	0.47179	-1.2144	-0.91589	-2.3329	-1.1013	-0.9425	-1.4551	-1.689	1.8955	-0.6408	1.1987	-0.1908	0.4572	0.41276	-0.02789	0.611	-2.0196	-0.074081	0.33847	0.57453	-1.837	0.80873	0.61322	-0.056212	-1.0695	-0.25553	1.4336	-0.81512	-1.2648	-0.29443	-1.3704
19.75	1.0884	-0.49791	-1.116	-0.70554	0.097864	0.87652	1.0217	0.58879	-0.78868	-1.0265	-0.73926	0.10292	0.87588	0.40889	-0.068545	-0.57949	0.49746	-0.31886	-0.95861	0.94151	-0.31146	0.9254	-1.294	2.1149	-0.1237	0.041412	1.439	-2.2478	0.89988	0.49984	-1.3649	0.80778	1.3932	-2.0456	0.29015	0.94854	-2.5934	1.0543	-0.33643	1.9747	0.40809	-0.78088	0.78164	-0.82235	1.5633	1.0671	-1.5802	-2.5983	-0.24298	0.28874	-1.2189	-0.77247	-0.9101	-0.1545	-1.036	-1.8214	-0.30158	-0.31299	-1.127	-1.5945	1.7392	-0.54679	-1.3788	1.22	-0.23448	-0.62991	-0.13578	-1.6615	-0.26375	0.60094	1.1783	0.12971	-0.58828	0.24658	0.33585	0.05244	-1.0081	0.10424	0.67367	0.81989	0.5838	-0.1281	0.042024	0.10108	0.54558	-0.6935	-1.0017	-0.36747	0.64725	0.51887	-0.28526	-0.85688	-0.24393	-1.18	1.4684
20	1.1113	-0.43823	-1.0863	-0.77251	0.0066968	0.78323	1.071	0.68839	-0.54732	-1.0409	-0.74542	-0.12454	1.0012	0.334	0.44355	0.19536	0.35915	0.32376	-0.32741	1.7372	-0.9519	-0.083441	0.78402	-1.1395	3.0918	-0.89447	0.43729	0.33957	1.1272	-0.75761	-0.57253	0.33067	-2.3942	-0.15073	-1.1683	0.23727	0.72365	-0.45935	0.56845	1.3363	1.7709	0.10621	-0.91604	-2.5601	1.6675	0.72922	-0.2556	-1.5308	-1.0508	-0.83911	-1.2219	0.8167	-0.26326	-1.8583	0.38906	0.27387	-0.14224	0.64131	-1.2538	2.7026	-1.7933	-0.11059	0.19867	-0.539	-0.38337	1.0121	2.526	1.6906	-0.31324	-0.2038	0.45566	0.44349	0.46399	1.035	-0.53431	0.17233	0.077895	-0.93334	-0.12616	-1.0835	-1.7009	-0.21593	-0.55727	-0.94262	-0.13793	0.099763	-0.044211	0.058456	0.0050599	-0.31709	0.0098562	0.25248	-0.43474	1.3143	-0.62028
20.25	1.1336	-0.38014	-1.0503	-0.83273	-0.097314	0.70225	1.0778	0.8415	-0.3093	-0.91903	-0.95947	-0.25344	0.72898	0.37793	0.58528	1.0412	0.57616	-1.6095	0.037611	1.7343	-1.2772	-1.354	-0.2823	1.9831	1.1768	-1.306	-0.24454	-0.29003	0.71429	-3.1294	-1.7452	0.12974	-0.50404	0.55763	-0.49264	-0.66693	-1.2919	0.09969	0.39157	0.59459	-2.5939	-1.4181	1.3872	0.60889	-1.8317	-1.9003	-0.10794	2.0877	-0.73522	-1.0321	1.3901	-1.1268	-0.49783	-0.77083	-0.24805	1.8608	0.86752	0.55893	0.039458	0.81085	1.1676	0.2866	1.1811	0.91473	0.43705	0.82403	-2.3487	1.5967	0.77674	-0.023896	-0.44413	0.16132	-0.15689	-0.31872	-0.21617	-0.50037	0.089578	1.084	-0.19776	-0.12426	0.45833	0.62052	0.11674	0.71474	-0.2236	0.50834	0.067321	-0.027861	-0.18175	0.99006	-0.64068	0.43427	-0.71881	-0.85038	-0.52245
20.5	1.1552	-0.32134	-1.0108	-0.88593	-0.19109	0.60737	1.054	0.95314	-0.073614	-0.75478	-0.68569	-0.73415	0.82375	-0.31926	0.069405	-0.05712	-0.73888	0.70683	0.77526	1.893	-0.57139	-1.7985	-0.88752	-1.4664	-1.1419	-1.1502	2.1918	0.72849	0.50261	0.46599	-0.60997	0.84484	0.49377	1.4567	-1.6884	-0.37536	-0.096664	0.89296	-0.11422	-0.73333	1.0107	1.7488	-0.096082	-1.0813	-0.53284	0.81805	2.3725	1.7992	-0.95888	2.0794	0.25635	-0.23665	-0.51698	1.3235	0.198	0.9164	1.7443	-0.81596	0.48142	-1.4149	-0.57254	-0.72981	0.68059	0.6014	-0.12376	1.5641	1.1862	-2.4786	-0.032062	-0.15232	1.4939	-0.34274	-1.0622	-1.2388	-0.40527	-0.30982	0.14722	0.049795	-0.68153	0.94495	1.6119	-0.62117	-0.61732	0.74663	0.44612	-0.11104	-0.28053	0.16536	-0.0998	-1.7134	0.57189	-0.088978	2.1373	0.19031	-0.46207
20.75	1.1764	-0.26432	-0.96705	-0.93488	-0.28672	0.4962	1.0149	1.0825	0.095403	-0.62754	-0.85423	-0.84199	0.5867	0.12851	-0.48196	0.16944	-0.89908	0.24749	0.1665	1.7277	-0.27603	-2.3299	0.41837	-0.91867	-0.31096	2.1292	-0.58883	1.4366	-0.12472	-0.74814	1.5121	0.12708	0.21299	-0.59245	-0.54277	-1.5122	0.43064	-1.9183	-0.15948	0.48579	1.277	-2.6903	0.61359	3.2123	0.32747	1.2291	-0.14954	0.74254	0.3988	-1.1923	0.23927	0.57595	0.86702	2.3401	-0.057209	-0.11565	0.38693	0.41087	-0.89315	-0.063272	-1.0685	0.93458	-1.7242	-0.68551	0.46473	-0.63341	0.081847	-1.1788	-1.0496	-0.61126	0.45326	-1.2599	0.39063	1.8723	1.0179	0.81218	-0.38665	0.20094	-0.15919	0.034507	0.32981	-0.17834	1.8274	-0.94423	0.43726	-0.5273	1.4196	0.69498	0.39193	0.54993	-1.1369	-1.1249	-0.79374	-0.14095	1.3831
21	1.1969	-0.20765	-0.92155	-0.97688	-0.37795	0.38348	0.95543	1.1656	0.30071	-0.44522	-0.77353	-1.1804	0.15983	0.5807	-1.4857	-0.27307	-0.085362	-0.31133	0.79712	-0.052425	0.45835	-1.5378	-1.9885	0.41644	-2.5089	1.8832	-0.36588	0.90383	-2.2569	-1.5666	0.042602	0.12135	1.5989	-0.87538	-0.60438	0.48168	0.55929	-0.26164	-0.57712	-0.75265	-0.98495	2.9364	0.16887	-1.051	0.20586	1.8794	-1.0053	-1.3013	-0.35229	-0.25844	0.17038	1.8609	0.57891	0.52128	-0.16114	-1.0228	0.86954	-0.37961	1.8025	1.8581	1.8457	-0.70646	0.2086	-0.96327	0.0086458	-0.89953	0.24479	2.4741	0.13162	1.3977	-1.2006	1.3572	-0.60653	0.0088544	-1.7628	-0.54887	0.55308	-0.32136	-0.41982	-0.023565	-0.22934	1.105	0.47306	-0.63631	-0.119	0.01662	-0.19642	-0.52025	-0.18618	0.10941	-0.22859	0.11549	-0.35538	0.32817	-0.45666
21.25	1.2163	-0.15154	-0.86782	-1.0099	-0.46293	0.26716	0.91371	1.126	0.53836	-0.36699	-0.51722	-1.1059	0.26564	0.46226	-0.56489	-0.038279	-0.15651	-0.31726	2.3795	-0.86211	-0.51669	-0.44792	2.4237	-1.313	1.639	0.41453	1.5009	1.8774	-0.8262	0.28933	-1.4927	0.057117	1.2752	-0.71199	2.9216	0.64035	-0.74735	0.35507	0.69084	-1.6394	1.1238	-0.093589	-0.36428	1.7455	-1.2601	0.1717	-2.5466	-1.1828	0.6909	-0.23864	0.25151	-1.1455	0.6614	-0.73408	0.72547	-0.98742	-1.1399	1.1066	0.70544	-2.1756	-2.3937	-0.071706	0.78657	0.33464	-0.87285	0.43274	0.0092483	0.85172	0.44302	0.26399	-0.02049	0.16661	-0.12352	-1.7913	-0.16957	-0.97314	-0.65953	-0.36269	-0.32398	-0.8642	0.26036	0.62624	-0.88153	1.4379	-0.36369	0.026236	-0.38263	-0.20756	-0.47211	0.77922	0.98319	0.88103	0.2515	-0.062085	0.49525
21.5	1.2357	-0.097643	-0.81343	-1.0316	-0.55088	0.14256	0.8228	1.1205	0.72785	-0.18823	-0.67303	-1.0809	0.090221	0.44416	0.30206	0.13098	-0.78558	-1.1887	1.4657	-1.3052	0.55837	-1.0064	-1.1311	2.5836	-1.0695	-0.55076	-1.8542	1.3533	0.63747	-0.42911	0.10745	-0.4498	0.051469	2.3027	0.794	0.55859	0.3795	0.93918	-1.3047	1.2368	1.1257	-0.25121	-1.8793	0.052631	0.58208	-2.1558	1.298	-1.7765	-0.038262	1.0602	-0.11324	-0.39423	1.7525	-2.175	0.46768	0.19958	-1.4564	-0.43713	0.86099	0.38332	-0.74833	-0.06653	-0.80208	1.2751	-0.97459	-1.6334	-0.27275	-1.8862	0.25793	-0.13212	-0.89543	0.056295	0.63199	0.056974	1.4221	1.513	1.6141	0.48466	0.59183	-0.18912	-0.20806	-1.4928	0.54686	-0.21499	-0.050486	0.23411	0.3667	0.21049	1.7324	0.11659	0.23302	0.25653	0.56512	0.82544	-1.2823
21.75	1.2541	-0.043552	-0.75382	-1.0479	-0.61714	0.026073	0.72425	1.0718	0.98739	0.10925	-0.24744	-1.1638	-0.16523	0.8161	1.1364	0.60825	-0.81497	-0.14907	2.474	-1.7651	-0.053577	1.2202	2.1329	-0.97422	-1.4483	-1.2695	1.0346	-0.4288	-0.81954	0.37131	1.2133	-0.44331	1.6849	0.69825	-2.3195	-0.93494	-0.31694	0.44103	-0.39457	-0.59482	-1.428	-1.5765	-0.10857	-1.5791	-0.61737	-0.55272	1.4904	-0.15562	-0.33581	-0.38571	-1.0822	0.13179	0.02821	0.031219	-0.20557	-0.99202	-1.7505	-0.30104	-1.9282	0.95779	0.96771	0.67549	-0.22684	-1.4159	1.2596	0.77668	-1.6584	0.095018	-0.58418	-0.86798	-0.61631	0.13821	0.023558	1.5202	0.87535	0.2213	-0.17681	-1.228	1.0652	0.44096	-0.75975	0.67586	-2.638	-0.25754	0.096198	-0.16749	-0.50924	-0.95674	-1.3421	-0.64997	0.77671	-0.73441	-0.33721	-0.83271	1.2826
22	1.272	0.0089449	-0.69278	-1.0575	-0.68925	-0.096778	0.60943	1.0754	1.1189	0.2048	-0.24719	-1.2105	-0.20715	-0.019014	1.1061	-1.5623	-1.1752	1.2624	0.75944	-0.71671	1.0271	0.49659	0.66942	-1.1412	-1.9112	0.30772	-1.9127	-0.095994	-0.0017795	1.9931	-0.47172	0.012703	-2.4365	0.056318	1.2713	1.2907	-0.30112	-0.96232	1.1305	1.6386	1.3382	0.88528	1.4962	-0.78084	-0.61749	-1.2034	-0.06717	1.7193	0.68727	0.38394	-1.155	-0.9901	-0.17261	0.69718	-0.85993	-0.2847	0.18145	1.0487	-1.0275	0.99796	1.8551	-0.11693	0.36621	1.7907	-0.17681	-1.1303	-0.4477	1.2679	0.37865	-1.7524	1.6622	-0.60298	0.24882	-1.0803	-1.335	-1.1879	-1.7186	1.2214	-0.25433	0.42038	-1.0838	-1.0148	1.6066	-0.23247	-0.98209	-0.16569	-0.39372	0.12383	-0.98703	-0.37942	-0.0080787	-0.37055	-0.88311	-0.067981	-0.49283
22.25	1.2896	0.060127	-0.63235	-1.0653	-0.75161	-0.21979	0.45018	1.0442	1.0284	0.37614	-0.1375	-1.4083	-0.86594	0.50964	0.14976	-1.2142	1.0032	-0.32522	-0.663	-2.2454	0.79623	1.6584	-0.6671	-1.4306	0.53349	2.0904	-1.317	-0.067531	-0.11222	-0.21289	0.34933	0.58657	0.084466	-1.2127	-0.020027	-0.37437	2.002	-0.373	2.7498	-0.46919	-1.5453	-1.1129	-1.0479	0.051369	0.4057	-1.3715	-1.1289	0.40612	-0.63902	-0.055287	-0.27037	0.0079477	-1.8064	-0.39609	-0.92158	0.81411	0.66576	-0.55885	-0.062527	0.21251	0.73407	0.1341	1.577	0.903	0.47978	2.385	1.1635	-2.2301	0.33837	2.0309	0.83099	-0.14051	-0.1846	0.57903	-0.437	1.8252	0.70013	-0.085917	-0.033555	-1.2202	1.395	-0.078202	-0.43059	0.26704	0.43545	-0.58453	-0.87855	0.26781	1.6797	0.018927	-1.7219	1.0673	0.57752	-0.19728	0.05339
22.5	1.3059	0.10967	-0.56329	-1.0565	-0.8152	-0.32278	0.34576	0.86748	1.1699	0.49896	-8.521e-05	-1.2411	-0.96586	-0.75668	0.72651	-1.5216	0.70193	-0.082178	-0.81688	-2.2238	-1.1378	1.2608	-0.86749	2.2333	0.12535	0.94918	0.82079	-0.49451	-0.64522	0.39272	-0.57727	-0.33081	-1.547	0.5281	2.2427	-1.4042	-2.5754	-0.98383	-0.97449	-1.0321	0.24846	-0.22439	1.3588	-0.6978	1.1709	1.6072	0.50692	1.0968	0.66097	1.2455	0.65657	0.32438	-1.8262	-0.73182	0.9336	1.7541	1.252	-2.4573	-0.88737	-0.67822	-2.3205	0.28895	-0.82097	-2.1068	0.72756	-0.1702	-0.040295	0.87774	-0.63217	-0.0053277	-0.43788	-0.058099	0.67613	0.39982	0.14003	-1.1123	1.1541	0.10955	0.12931	-0.15873	-0.16098	0.80249	-0.026914	-0.2779	-0.10898	0.61649	0.66675	0.6967	-0.26373	-0.56174	-0.28915	-1.038	0.10189	0.48638	-0.37911
22.75	1.3219	0.15849	-0.49515	-1.0398	-0.84911	-0.44904	0.22933	0.68122	1.293	0.608	0.27328	-0.59021	-0.97955	-0.43631	2.1366	0.95338	0.87972	-0.14455	-0.92957	-0.60618	-0.6139	1.0012	1.6567	-0.28656	1.9668	-1.3924	-1.0899	-0.056636	0.84636	-0.33475	0.0025598	-1.7458	-0.13835	0.7501	-1.29	0.62893	1.2808	0.88737	-0.21274	1.8093	0.94788	0.84604	-1.079	0.1932	1.8098	-0.014675	0.13205	-0.60834	-0.58522	0.96972	2.4052	-0.15314	-0.076837	1.6916	0.28062	-1.1459	0.73281	0.40184	1.47	-2.3189	1.6108	-0.86495	1.4931	-2.4226	-0.041766	-0.74578	-0.028296	0.27259	0.011838	0.9451	-1.1951	-0.95163	-1.0131	-0.66262	-0.21158	-0.31817	-0.88359	0.62128	-0.3295	0.55128	0.29291	1.0376	1.5089	-1.1033	1.8821	0.14913	1.3239	0.028029	-0.48312	0.71845	0.344	-0.29529	-0.63337	-0.50485	0.85743
23	1.3375	0.20541	-0.42339	-1.0172	-0.89268	-0.53456	0.064172	0.55814	1.2886	0.76053	0.44832	-0.4272	-1.216	-1.3113	1.3933	0.48634	0.5685	0.72901	-1.3918	-0.63814	-0.34958	0.31339	-1.2869	0.77649	0.041583	-3.2431	0.40524	-0.68865	-1.2009	0.75017	-0.056274	0.18134	0.45271	-0.26553	-1.5349	-0.46918	-0.42591	0.8683	-0.29816	-1.5102	-0.44486	0.83366	-0.80208	0.60486	-1.6134	0.32936	-0.80708	0.83336	1.3706	-3.6237	0.095438	1.0919	0.099551	0.16447	-2.0328	-1.3266	1.4042	1.4813	0.19147	-1.0153	-0.66861	1.5363	-1.6995	1.5242	-1.7385	-0.28723	1.6633	0.44852	-0.033885	-0.14106	0.61312	0.46124	0.08195	0.75769	0.86459	0.47731	-0.085521	-1.0334	-0.21918	0.94708	-0.64775	-0.68917	0.38768	-0.0066091	-0.74216	0.60414	0.65761	0.86862	0.84568	0.13212	0.068369	1.2335	-0.11319	0.84834	-0.88001
23.25	1.3524	0.25159	-0.35118	-0.98876	-0.91826	-0.64396	-0.078598	0.48274	1.1354	0.82246	0.50365	-0.032089	-1.3184	-1.2117	0.163	-0.091272	0.76681	1.3772	-2.2365	1.5702	0.28524	-0.38176	0.61527	0.12022	0.25798	1.3269	-2.4144	-1.4207	1.1433	1.025	1.1799	0.7501	2.1953	0.86045	-0.68294	0.10434	-0.54365	-0.68354	-1.1049	0.7426	0.77712	-1.342	1.1511	0.88884	0.37764	0.68837	0.73528	-0.53719	0.0076159	-0.98261	-0.56496	0.87686	-0.60556	0.41501	0.48981	1.2114	-1.4952	0.84473	1.7116	1.7982	-1.1076	-2.4106	-0.083505	-0.24493	-0.72894	0.93367	-0.61524	-0.54845	0.36341	0.28386	-0.30945	1.4346	0.61972	-1.064	0.26391	-0.89783	-0.14481	0.43783	-1.1775	0.75013	-0.12919	0.27363	-1.4651	2.2971	-0.74286	0.99399	-1.8853	-1.1901	-0.43629	0.65573	1.3549	0.43108	0.59067	-0.34575	-0.54279
23.5	1.3666	0.2962	-0.27987	-0.95516	-0.93037	-0.72818	-0.22371	0.30758	1.0446	0.99945	0.70005	0.12098	-1.4756	-0.80329	-1.3369	0.48175	1.7686	0.025848	-1.4771	0.84457	-0.25554	0.49889	-0.76198	-1.6282	0.12557	0.39269	1.1417	-0.25065	-1.0113	-1.7244	1.7028	0.030009	-0.44349	-0.93235	1.7842	1.7705	0.63822	0.488	-1.8233	-0.40169	-0.74775	0.78891	0.67681	-1.2199	0.32225	0.70835	0.66198	-0.22293	-1.2485	-1.2203	1.7861	-1.4133	1.4272	-0.88083	2.1338	0.73856	-1.8161	0.77273	-0.57889	0.27286	0.2056	1.0107	-0.94985	2.0524	1.3945	0.42942	0.20321	0.62482	1.4882	-1.7976	0.016586	-1.8516	-0.85052	-0.15942	0.026698	0.95204	-0.44035	0.30631	0.82785	0.20753	1.6444	-1.3135	-0.22332	-0.73018	0.59139	-0.94602	0.37914	-0.55012	-0.2377	-0.47017	0.36445	-1.3324	0.71844	-0.38139	0.22192
23.75	1.3801	0.33906	-0.20259	-0.91004	-0.94262	-0.79172	-0.34986	0.063378	0.94122	0.80818	0.82389	0.84118	-0.99696	-1.2749	-0.58064	1.9149	0.89841	-0.42962	-0.4765	0.46596	-0.90959	-0.21897	1.5052	0.58673	0.78931	-0.22965	1.9419	0.012361	2.8055	-0.054967	-1.9709	0.61773	1.1794	0.28853	1.1427	2.4048	1.7271	-1.0231	1.9361	-1.8271	-0.92156	1.3654	0.34688	1.9684	-0.11835	-0.69268	0.85607	-0.65209	0.12332	1.8848	-1.1833	1.0088	1.0815	0.62776	-1.0589	0.57365	0.21903	-1.2633	-0.545	1.4443	1.2944	-0.35542	-1.0783	-0.36173	0.78244	-1.7168	-0.24604	-0.25832	-1.0231	-0.86823	0.77755	1.1596	-0.14476	1.2821	-0.14855	-0.4854	0.82836	-0.26076	0.64152	-0.47772	-0.4816	-0.29301	0.34268	0.3568	-1.1789	-0.59813	-0.016874	0.80811	-0.028426	-0.80136	-0.89375	-0.04031	-0.013512	0.54109	0.89309
24	1.3934	0.37977	-0.12509	-0.85091	-0.93839	-0.86248	-0.47361	-0.094487	0.92957	0.90604	0.88809	1.5285	-0.57007	-0.81899	-0.50713	2.368	0.23383	-0.33791	-0.30079	0.6565	0.64802	-0.90973	-1.7666	0.13028	-0.55211	-1.3355	0.90254	0.49821	-0.75979	1.4393	2.0211	-0.88274	-1.439	-0.59286	-0.83185	-1.3716	-1.1259	-1.0212	-0.94121	0.48107	-0.65666	-2.0702	-2.3407	-0.11315	-1.1159	0.75149	-1.3871	0.20367	-0.028849	2.6627	-2.1694	-1.8395	1.2317	-0.56281	1.2381	0.53382	1.1088	-0.14125	-0.49135	0.036566	-0.23225	-1.0857	0.84739	0.4435	-0.29656	-0.65869	0.047451	-0.048213	-0.27121	0.96951	-0.7244	0.51597	-0.20549	-1.2467	-1.7171	0.2566	-1.0082	-0.79382	-0.27441	-1.6797	-0.53197	0.52067	0.46871	-0.21489	-0.52169	-1.0708	-0.79891	-0.052836	-0.47503	0.29253	-1.0929	0.89818	-0.86962	-0.47508	1.1694
24.25	1.4059	0.42034	-0.045611	-0.7907	-0.9224	-0.91593	-0.60733	-0.16559	0.78051	0.83304	0.77172	1.7774	-0.29146	-0.65722	-1.3489	0.45202	-0.42505	2.4328	1.658	2.141	0.92791	-0.25913	1.5349	0.32797	-2.2726	-0.26646	-0.94894	-1.9185	0.33687	-0.26841	-1.7767	1.4452	-1.3228	-1.0677	0.14707	-1.3817	0.26409	2.2719	0.96601	0.95992	-0.54123	1.1606	0.66649	-0.34811	1.3204	0.1234	-0.63657	-0.15538	0.70385	-0.14993	-0.52826	-0.36801	1.7311	0.48452	0.085711	-0.43723	-0.18415	-0.5209	-0.48566	-1.0463	-0.84918	1.5031	0.57253	-0.27308	0.38399	1.7726	-1.1169	-0.29679	-1.0029	0.97058	-0.67955	-1.1021	1.7715	0.31591	-0.040558	-0.28207	1.6728	0.09417	0.20948	-1.4447	0.2277	1.1198	-0.27366	-0.62428	0.95946	0.5845	0.7948	-0.25915	0.70394	1.5308	0.091497	0.1375	0.40541	0.44003	-1.5233
24.5	1.4183	0.45906	0.028703	-0.73173	-0.90161	-0.95944	-0.75275	-0.29792	0.3187	0.6383	0.61466	1.5246	-0.24903	-0.13587	-3.1144	-0.84224	0.42627	-1.3133	-0.0064944	0.29918	1.5031	-0.48505	-2.4484	-1.3435	0.59569	1.5883	-0.033109	0.888	0.69219	0.29739	-1.1151	-0.43778	-1.4193	1.3991	-0.10415	-0.47354	0.021042	0.10711	2.357	1.8817	-0.85221	-1.2122	0.049304	-1.2512	-1.9839	-0.34619	0.22788	-0.62498	-0.82065	-0.27711	0.67314	0.47578	-0.42518	-0.68431	-1.5919	-1.7512	0.036896	-0.7256	0.81578	-0.64567	-1.2781	0.50365	0.22437	-1.1968	-0.81284	-0.54294	-0.73826	0.2033	0.66644	-0.80093	0.59617	1.3737	-0.42676	0.15089	2.0704	-0.81132	-1.0456	-0.80709	0.28066	1.9684	-0.39506	0.55558	-0.45267	0.30019	1.315	0.13351	1.4487	0.14752	-0.48799	-1.2342	1.4391	-0.66359	-0.36513	-0.21823	0.39564
24.75	1.4293	0.49551	0.11055	-0.65598	-0.87321	-0.96701	-0.81622	-0.54026	0.24027	0.57371	0.52314	1.6331	0.47163	-0.38655	-1.8466	-0.43339	-1.4621	-0.91018	0.93182	-0.051822	-1.7054	-0.010315	1.7409	1.4358	1.3097	2.3781	2.0139	-0.013869	0.043724	-0.43697	-0.05897	-1.0185	-0.89455	-0.036705	0.0059796	-2.9924	0.24252	0.20172	-1.7921	-1.377	1.1549	0.43066	1.4529	-1.0953	0.54122	-0.74183	0.8336	0.10571	1.7969	0.53958	-0.0089866	0.96983	-1.4191	0.66574	-0.4138	0.067526	-0.65399	1.6796	0.3941	-0.013	2.1343	-0.14729	1.1505	0.56519	-1.6326	0.13552	0.17224	-0.14354	0.59836	0.64953	-0.023945	-0.14628	-0.80986	-0.0023765	0.76022	2.3853	-0.98039	-0.028234	-0.35563	0.72208	-0.81551	-1.5197	0.33539	-1.0256	-0.31699	-0.055409	-1.1581	-0.59307	0.36714	-0.011592	-0.38265	1.2527	-0.48022	-0.19986	-0.79479
25	1.4403	0.53092	0.19016	-0.57011	-0.81974	-0.98116	-0.89386	-0.71213	0.16696	0.41965	0.5974	1.9959	1.0872	0.65645	0.089603	1.3627	-1.864	-1.7634	0.21784	-0.50818	0.59941	-0.72302	-1.0101	0.72014	0.7325	-1.413	-1.1298	0.7583	-1.8291	0.15894	0.03548	-1.4651	0.057215	-1.8675	-1.7787	1.0165	-0.95898	0.12139	1.0612	0.19021	1.8581	0.73135	0.75718	1.1258	-0.54202	-0.4434	-0.82742	-0.3512	-0.056036	-0.0038047	2.1325	1.4875	-2.1131	0.45043	0.369	-0.7775	-0.67228	-0.37833	-1.0874	0.12546	-0.39765	-0.31164	0.37582	-0.62109	2.232	-0.17359	1.1186	0.053438	-0.33545	-0.89438	1.2898	-0.1678	1.4919	-0.24043	-0.51875	0.41767	1.307	2.281	0.53393	-1.258	0.39134	-0.9101	-0.97778	1.147	-0.62273	0.051805	-1.22	-1.2705	0.11539	-0.28881	-0.067742	-1.7119	1.0485	-0.18384	-0.39866
25.25	1.4509	0.56489	0.27249	-0.48179	-0.77114	-0.97703	-0.9768	-0.74329	-0.12006	0.26148	0.41967	1.4125	1.3488	0.49169	-0.70475	-1.4175	-2.3029	2.1355	0.54572	-0.096708	0.63688	-0.044848	0.16988	0.45343	1.2758	-1.0595	-1.3029	-0.053391	0.56609	0.46997	-0.21989	1.8215	2.0707	0.91957	-0.03513	0.11957	0.5797	-0.21136	-1.6332	-1.1592	1.3818	-0.095384	-0.14107	0.0022378	-0.93998	-0.61636	-1.2215	-0.067925	-1.7802	-1.7259	-1.0432	-0.22495	-2.1807	-2.456	1.5138	0.73206	0.38953	-0.89983	0.51665	0.43541	0.71225	1.4027	0.32955	0.34087	0.61337	-0.6122	-0.38005	-0.44882	-0.2361	0.49888	-0.93875	-0.83224	-2.1122	0.48625	-1.0266	-1.389	0.17715	0.49055	-0.59346	0.63565	0.55142	0.79573	0.86381	-1.4331	0.15334	0.047954	0.8856	1.8082	-0.36953	-0.95934	-0.63404	-0.095682	0.092057	-0.018426	1.9961
25.5	1.461	0.59832	0.3489	-0.39407	-0.69052	-0.96766	-1.0268	-0.82951	-0.46291	0.20732	0.28386	1.0779	0.71365	2.6332	-0.70305	-0.86601	0.040051	-1.8984	0.20213	-0.12963	0.70513	1.0885	0.70966	-2.4668	0.070053	-0.014854	-0.24155	-0.20323	-0.33567	-2.506	1.4781	0.19805	1.9249	-1.2753	0.58566	1.3319	-2.4287	1.5707	-0.75596	0.57971	0.57559	-0.90753	-0.52102	-0.15621	1.65	-0.85744	2.8967	1.4102	0.64169	0.63351	0.022373	0.10036	0.81191	0.054427	-1.5155	0.2035	1.5828	0.042048	-0.55497	0.026985	-0.19363	-0.85716	-1.28	0.14284	-0.44912	0.28096	1.0079	-0.016388	0.31958	0.25264	-0.091341	-0.1692	-0.01099	-0.50743	-0.61399	-1.7931	0.12588	-0.67332	0.32409	-0.1452	-0.75054	0.85947	0.74684	0.68447	-1.206	0.9647	0.67813	1.6358	0.51724	0.78057	-0.44502	1.3685	-0.7743	0.84516	-0.3102
25.75	1.4704	0.62787	0.43133	-0.29179	-0.63552	-0.89843	-1.0667	-0.95093	-0.65666	-0.058111	0.0019383	0.2868	1.4735	0.3059	0.25469	-2.1508	-2.2037	-0.70838	-1.0445	-0.80433	-1.3153	-0.29681	-0.81341	1.96	-1.2096	-0.1139	1.8629	0.65021	2.0667	-0.24718	1.0659	0.078904	-0.1437	1.1921	0.37017	3.0302	1.1679	-2.8312	0.66436	-0.14109	-0.076641	0.43686	-1.7391	-0.91661	0.24809	0.0017197	-0.30443	1.5243	0.57301	-1.7218	-0.095493	-1.6242	1.0034	1.1669	0.48158	-0.6686	-0.2265	0.52439	-1.2025	-0.41455	-0.25545	-0.5035	-0.088919	-0.5075	-0.18477	1.2851	0.13846	0.32359	-0.53087	1.2717	-0.43198	-0.16051	1.166	0.62988	-0.45625	0.51999	-0.51794	-0.72461	-0.85331	0.39481	0.94271	1.1014	-0.73141	0.74041	1.0533	0.26858	-0.13606	-0.91714	-0.12803	1.8737	0.89675	-0.56474	-0.36817	-0.75185	-1.0574
26	1.4792	0.65812	0.5123	-0.18084	-0.52752	-0.86093	-1.0316	-1.0375	-0.61654	-0.13802	0.31524	0.79267	1.3386	2.6023	2.9175	1.7323	0.22609	-1.3487	0.48912	-0.84387	0.092272	0.47462	0.48663	-1.0464	-0.7703	-0.14276	-0.56329	-0.79526	-1.0398	-0.38494	-0.97885	1.2181	0.058429	-0.35689	-0.38026	-0.39221	0.77596	-2.0942	0.090864	-0.70298	-1.4139	-0.072232	0.47286	0.94073	1.3561	2.3681	-0.93249	-0.90596	-1.4664	1.6858	-1.2402	-1.4758	-0.90155	0.23694	1.075	0.6956	0.35938	-0.001763	1.9604	0.15926	-0.32143	0.56712	-0.61845	1.0252	-2.2231	0.52467	-1.0596	1.1124	-0.012489	-0.63375	1.1417	0.12109	0.48108	0.60335	1.8956	0.095983	-0.3174	0.096047	-0.35678	1.3888	-0.045115	-1.3467	0.76555	-0.075353	1.1961	0.10499	0.45499	-0.33196	-0.034949	-0.52359	0.6549	-0.31082	0.50764	0.57885	-1.623
26.25	1.4881	0.68637	0.59504	-0.065605	-0.43574	-0.80427	-1.0431	-0.92954	-0.83474	-0.34269	-0.16045	-0.14577	1.18	1.1287	1.2793	-2.2787	0.36204	3.4903	1.2191	0.67602	0.46163	0.67353	0.023788	-0.1337	-0.33242	-0.6975	0.097028	0.031454	-0.48795	-1.2634	-1.4751	-1.0395	-1.2816	0.63882	-0.17343	-0.36552	-0.77268	-0.17706	0.015634	1.1135	-2.2236	0.54728	0.49801	2.1567	1.0667	-0.28397	-0.7391	0.25148	0.38403	-0.41183	0.56497	0.028365	1.6705	-0.085794	-0.36484	1.0924	0.051053	0.076653	0.34618	-0.082608	-0.9449	-1.6606	-0.004933	-1.25	0.68473	-1.8601	2.0295	-0.14755	1.4067	-0.22355	-1.0185	0.68718	-1.5166	-0.22295	0.24786	2.4121	-0.091204	-1.2159	0.65455	0.61424	0.34032	-0.6583	-0.91307	0.90816	-0.94166	-0.62134	-1.4929	-0.54526	0.10266	-1.4612	-0.5476	-0.43876	-0.3123	-0.67128	1.298
26.5	1.4965	0.71345	0.67104	0.041072	-0.33392	-0.7107	-1.0354	-0.94218	-1.3103	-0.64647	-0.60482	-0.74977	-0.024365	1.0144	0.27641	-2.7545	1.8769	-1.7138	-0.64881	-0.28363	-0.31911	-0.024726	-0.77508	-0.70088	0.29681	-0.059225	1.6534	-0.40058	-0.24499	1.5814	-1.0876	0.88484	0.083185	2.6168	-0.3917	-2.0127	1.5006	1.4299	-0.075327	1.1796	-0.2922	-0.77735	-0.9537	0.22107	-0.109	0.82705	-0.43748	-0.34259	-0.041324	-0.56679	1.578	0.51965	0.90096	0.99191	0.37655	-0.23074	-0.5994	0.60978	0.68749	0.41631	0.90771	0.77867	-1.6251	0.010545	-0.027864	-0.10601	-1.3947	-0.0096687	-1.67	-0.81182	0.4583	-0.97116	0.57086	-0.89403	-1.3504	-1.3526	0.78735	1.202	-0.70936	-2.589	-0.5572	-0.70495	0.017572	-1.2047	-1.775	-0.41495	-1.5124	-0.79694	-0.39163	0.47402	-0.34742	0.5917	1.0579	0.72423	1.1257
26.75	1.5036	0.73775	0.75281	0.16914	-0.21938	-0.59248	-0.93579	-1.0032	-1.168	-0.65502	-0.52154	-0.83724	0.66962	0.16202	2.1966	-0.033383	0.13239	-0.48742	-1.1555	1.0483	-1.6716	-0.79154	1.7299	1.8883	-0.41609	2.7067	-0.67082	-0.92	-1.3075	1.1626	0.5321	-1.5952	-0.816	-0.038879	-0.85667	-0.12714	-0.61695	-0.010388	0.46283	-1.0324	-0.062528	1.1094	-1.1022	-0.82676	-0.98941	1.1171	0.0031289	-0.6561	-0.63632	0.2045	-0.5815	0.80918	0.96433	-0.75403	-2.1942	-0.30241	-1.1696	0.7656	-0.27999	0.28344	-0.61645	0.080421	1.3124	1.4802	2.4624	0.40299	-0.19396	-1.6126	1.5708	-1.4956	-0.63872	0.71972	-0.25944	-0.90273	0.060096	-1.3869	-0.14385	-0.32625	0.84711	-0.77749	0.52149	0.76453	0.42162	0.56902	0.81603	-0.13836	2.5915	1.4772	0.16455	-0.23036	-0.17659	1.0204	0.55611	0.21468	0.75575
27	1.5113	0.76161	0.83255	0.30199	-0.091814	-0.47017	-0.85791	-0.92963	-1.1127	-0.80053	-0.47218	-1.1523	0.71166	-0.7278	1.9277	0.8612	-0.1716	1.8804	-1.397	-0.47515	-0.047166	-0.95149	-2.7568	0.22199	1.8148	-1.1027	0.1327	2.8424	-1.978	0.23025	0.23778	0.35559	1.1131	-1.2681	2.4225	-0.86583	1.8104	2.8948	1.1115	0.17329	1.0345	-0.33638	2.1674	0.049351	0.40949	-0.34868	1.2499	0.08094	0.5111	0.75391	-1.1192	0.42264	0.72522	0.002634	-0.44291	0.83692	-1.0323	-0.83206	-0.72021	0.71113	0.71648	-0.13594	0.47266	-0.29408	-0.06408	0.94711	-1.3148	-0.39999	-0.69487	0.40259	0.19651	0.56055	0.37671	0.11232	0.012362	0.36204	-1.2642	-1.0971	0.18549	0.66723	-0.1815	0.77479	0.01418	-0.33984	0.5459	-0.4474	0.30263	-0.17166	-0.85731	0.88332	0.70438	-0.028009	-1.1755	-0.51499	-0.85119
27.25	1.5183	0.78543	0.91124	0.43194	0.048631	-0.37022	-0.72114	-0.75091	-1.3552	-0.90328	-0.71835	-1.1643	-0.44627	0.28641	0.13326	-0.46352	2.3716	1.3564	-0.050749	1.1563	1.0478	-0.53859	1.3012	-1.0829	1.107	-0.32373	-1.7974	0.86046	1.9329	0.87285	0.59989	0.15288	1.506	0.35151	1.5008	-1.1056	-2.4674	-1.1559	-1.5689	-1.1316	-0.39351	0.81342	-1.1181	-1.4088	-3.0052	-0.79914	0.137	-0.37459	-0.44585	1.7643	0.55235	0.74847	-0.26634	0.66724	-0.44427	-1.5253	0.75926	-0.35476	-1.4861	-0.29945	0.50773	-0.13501	0.0097234	0.59624	-0.24793	-0.19636	0.45429	1.8206	-0.4388	1.1424	0.30178	-0.077747	1.0295	1.2145	0.28625	1.441	0.92755	0.76039	0.17581	-0.12134	0.56138	-0.3934	0.23229	-0.32409	1.1319	-0.5456	0.28311	-1.684	0.98909	0.40942	-0.35049	-1.2828	-0.16488	-0.37647	-1.0942
27.5	1.5247	0.80597	0.98733	0.56496	0.18668	-0.19039	-0.59627	-0.70616	-1.3443	-0.8151	-0.8953	-1.5611	-0.81442	-0.80938	-0.047834	0.6566	0.39346	-1.2557	-0.8263	0.43083	-1.6679	-0.46263	2.2232	0.61102	-2.7617	-0.090618	0.78375	-0.23569	0.70155	-0.51323	3.8891	1.2686	-0.48505	-0.93549	0.57678	-0.097747	0.046917	1.5599	2.5334	1.6617	0.36264	0.34652	0.93472	0.7068	-1.0724	-0.81993	0.39768	-0.8575	0.17105	-1.3673	-0.93992	-0.45364	-1.1631	-1.5606	1.6673	-0.38218	1.6568	-0.74984	1.4943	-1.0196	-0.51314	0.47734	1.0869	-1.0453	-0.88142	-1.071	0.70148	0.63867	-0.060292	0.43425	0.27961	-0.28081	-0.63146	0.052293	0.12071	0.51691	0.51357	0.77763	0.33073	0.26232	-0.77416	-0.16664	-0.34267	-0.33085	-0.66886	0.12905	-1.0083	0.13689	-0.078426	-1.6059	0.057152	-0.52463	-0.082653	0.041501	0.23122
27.75	1.5309	0.82561	1.0651	0.71369	0.34255	-0.025132	-0.39913	-0.59189	-0.99619	-0.84409	-0.2914	-1.1318	-0.22462	-0.41728	1.2327	3.4585	0.47021	-1.4035	0.17036	0.54391	0.92619	-0.91976	-1.0954	-1.7549	-2.1341	0.92285	-1.4226	0.6905	1.658	0.34835	-2.8131	-0.51358	-1.4515	-0.33894	0.74837	1.5658	0.63675	-0.58279	-2.5557	-0.90901	-0.12603	-0.72897	0.71063	-1.993	0.55767	-0.90225	-0.67538	-0.031419	1.977	-1.4233	0.70289	0.42744	-1.5539	0.73642	0.51289	0.26161	-0.46896	-0.088142	-0.43401	-1.0938	-0.21716	0.61834	-0.39567	-0.64092	-0.025018	0.25645	0.63761	-1.3361	-0.035446	0.56042	-1.0494	-0.40824	-0.79107	-0.011102	-0.021698	-0.236	-0.1767	-0.52483	-0.11171	0.11856	-0.71326	0.47368	-1.3149	-0.4157	-1.0702	0.85778	-0.89086	0.91935	-0.15426	-0.079113	-0.35334	0.91299	-0.093377	-0.166	1.4092
28	1.5371	0.84495	1.145	0.8655	0.50494	0.12584	-0.21906	-0.26463	-0.86872	-0.71632	-0.61486	-1.2532	-0.66263	-0.96302	-1.3574	0.3993	1.2916	3.8998	3.0958	0.0020863	0.89052	1.3961	-0.78915	1.5348	-0.086565	-0.28823	2.0999	0.26807	0.16829	-1.5121	1.4728	-1.4752	-0.54052	-1.2625	-1.3742	1.1585	0.81901	-1.4306	0.33928	-0.54693	-0.40557	-2.0474	-0.96344	-0.18073	0.43016	-0.20578	0.27206	-1.3364	0.45414	0.41357	1.5364	0.29328	-1.9593	-0.12296	0.17816	0.30936	-0.19333	0.88386	0.2158	0.27004	0.7469	-0.22496	-0.42936	-0.040426	-0.70496	0.27208	-0.72878	-0.51205	-0.3631	-0.74733	1.0951	0.30755	0.81367	-0.96834	0.066826	-2.0967	-0.11166	1.1881	-0.09757	0.062406	-0.23752	-0.40395	1.0065	0.57027	0.14148	0.59036	0.7841	0.8583	0.24009	0.592	0.28818	0.48534	0.68903	0.74236	-0.68465
28.25	1.5426	0.86324	1.2163	1.0021	0.66585	0.31592	-0.011594	-0.1396	-1.0179	-0.89209	-0.90713	-1.1173	-1.909	-0.98327	-2.4886	-1.1362	1.4433	-2.5481	1.2794	-0.6937	0.49702	0.20564	0.39442	-1.2805	0.41546	-1.4619	0.7385	-1.0329	-0.96884	2.0774	-1.4039	-0.17342	-0.37892	0.54249	-2.5585	0.78588	0.41742	0.48499	-0.6776	-0.36477	1.7891	-0.35856	1.5892	1.3678	1.1093	0.27748	-0.54394	0.98499	0.39844	-0.43892	-1.81	-0.35275	0.59825	-0.27001	0.97103	1.1658	-0.12044	-0.039303	-0.53304	0.61818	0.18941	-0.70117	0.92659	1.0818	1.2845	-0.81873	0.20162	0.44005	0.76625	0.98447	-1.2225	1.1623	0.64415	0.57737	0.10821	0.7875	0.50682	-0.00092163	0.062311	1.3548	1.0137	0.59227	1.1196	1.1675	1.4758	0.091377	0.84965	0.59078	0.50082	0.69858	-0.2733	-1.0473	-0.66006	-0.32649	-1.0542
28.5	1.5475	0.87782	1.2924	1.1621	0.83241	0.55329	0.24697	0.05653	-0.43044	-0.52212	-0.55046	-1.1141	-0.26032	-2.3497	-1.4036	0.58641	-2.5401	-0.023627	-0.6778	0.18849	-0.64519	0.51198	0.81958	0.49223	0.96373	1.8388	-1.826	-2.0219	-2.2399	0.17728	-1.539	-1.3759	0.16066	-0.40021	-0.55513	1.3325	-0.14746	1.1258	-0.73454	-0.5797	-0.2487	-0.45561	-1.7873	0.92771	-0.0059886	-0.53034	-0.029997	0.93711	-1.2838	0.84462	1.3804	-1.8053	1.6715	-1.1613	-1.0025	0.031392	1.4565	-1.0007	-0.43485	1.0695	-0.18655	0.12715	-0.83684	-0.98301	-2.4719	0.47624	-0.15012	0.24578	-1.1699	-0.0068424	1.883	-1.0656	-0.7315	1.0645	-0.56635	0.15143	-0.23335	-0.73366	-0.84102	0.1445	-0.13271	-0.25659	-0.74596	-0.50448	-0.1646	-0.24476	-0.78156	-1.1406	-0.79497	-0.58789	0.66574	-0.3974	0.42893	-0.1798	0.066816
28.75	1.5523	0.89412	1.3666	1.3206	1.0234	0.75538	0.55673	0.33092	0.078413	-0.28815	-0.15929	-0.15991	-0.095494	-0.74131	-0.39492	2.4489	-0.79183	0.71913	1.0536	-1.5418	0.51811	1.5354	-1.5291	1.314	2.4851	1.76	-0.15703	-0.37142	0.4598	-0.3452	-0.38279	0.52273	2.0263	1.1833	-0.59232	-0.41842	-0.96232	-1.1996	1.5238	2.0633	-0.17079	0.98084	0.84026	-0.92122	-0.036682	0.63331	1.3471	1.9112	-1.1514	-0.51171	-2.3141	-0.13302	0.8425	2.2141	1.3507	-1.3641	-0.34094	0.38294	1.253	-1.4285	-0.86001	0.62193	-0.34345	0.99188	0.94902	0.050696	0.83502	1.1126	1.2364	-0.42167	-0.86746	-1.3131	-0.31909	-0.4859	0.17498	0.36052	0.26485	0.05176	0.59275	-1.5214	-0.32336	-0.227	-0.30636	-0.28577	-1.1813	0.084884	-0.19796	0.074591	0.50098	-0.10402	-0.42126	0.40532	-0.19763	0.52638	0.27
29	1.5573	0.90848	1.4379	1.4773	1.2084	0.95846	0.85378	0.66919	0.2177	0.095231	-0.39745	0.41855	-1.1113	0.39077	-1.4154	-0.62356	0.82866	-1.4559	0.53611	-1.4716	0.85276	-0.12149	-0.093531	1.357	-0.47833	-2.8658	-1.9076	0.039186	1.8692	-1.6099	1.1687	2.0918	-1.1923	-1.294	0.81123	-1.8819	-0.62962	-1.5573	0.050704	-0.61534	1.474	2.493	-0.11847	0.96366	0.73325	1.1733	-0.54099	0.35982	-0.84428	0.65647	1.2081	0.28807	0.51707	-0.015821	-1.6913	-0.017207	-0.94119	0.60344	-0.093789	0.78028	-0.39726	0.03809	0.049717	-0.60059	0.4154	1.2846	-0.84192	-1.6465	-0.056218	-1.2056	0.37193	0.28511	-1.036	-0.10052	0.030537	0.18067	-1.7235	-1.2058	-0.78783	-0.076257	-0.04098	0.062901	-0.70972	-0.50567	-0.023729	-0.26285	-0.2415	-0.39272	-1.2114	-0.077809	0.33725	1.1958	0.022943	-0.51335	1.1082
29.25	1.5615	0.9208	1.5077	1.6407	1.3901	1.2319	1.1679	0.87583	0.93158	0.43074	0.4189	-0.23664	0.46928	-1.8546	-0.79223	-1.2092	-4.2761	0.22289	-2.9288	-0.50531	-1.6199	-0.2949	0.78786	-2.8676	-0.56136	-1.8526	0.13264	1.0043	0.1729	-0.91927	-0.32549	0.59182	0.11185	0.39585	0.30529	-0.89644	-0.51387	-0.10301	-0.23141	0.45624	-2.895	-0.87092	-0.18485	-0.7338	0.74664	0.14614	-0.92924	-1.8259	0.57135	1.1226	0.048173	0.75977	-1.0464	0.44167	-0.14079	0.11804	-0.84242	0.14359	0.21641	-0.39147	0.2493	-0.40682	-0.34116	0.54935	0.76815	-0.56206	-0.033665	0.34285	0.38811	-0.38468	-0.72872	0.86887	0.86256	-1.0509	0.51072	-0.42274	0.47052	0.65053	0.80437	-0.29547	0.069353	-0.50254	0.69686	0.39316	0.13945	-0.10259	0.66842	0.37258	0.79226	0.30423	-0.5275	0.17524	0.20425	0.3525	-0.40486
29.5	1.5656	0.93325	1.5796	1.813	1.6083	1.4662	1.5714	1.2284	1.8726	1.2249	1.3423	1.504	1.2312	1.5894	2.2493	2.3541	0.11318	0.4499	0.77639	0.32549	0.1804	1.3406	-1.0464	-1.2581	-0.43592	2.2499	2.5331	-0.79746	0.61992	0.78991	0.95316	1.0214	-0.48989	1.753	1.063	-0.80339	-0.64298	1.1062	0.047537	0.16162	1.5703	0.35785	-0.76526	0.88907	-0.35702	-0.28227	-0.57899	-0.091205	0.42292	-1.5999	1.6113	0.43045	0.48825	-1.6045	-1.0279	0.3489	0.74412	0.24797	-0.77945	1.3607	0.55455	-0.64502	0.5862	-0.18299	0.27784	-0.80099	-0.42316	-0.01923	-0.082699	0.75024	-0.046553	0.6992	0.34984	0.44815	-0.63144	-0.016626	0.73582	0.31851	-0.87536	0.81114	1.0825	0.4524	0.76691	0.38688	0.61817	-0.27916	-0.086373	-0.42994	0.36547	0.17884	0.19458	-0.87756	0.013012	-0.29492	-0.48497
29.75	1.5696	0.94496	1.6496	1.9761	1.7961	1.6791	1.9384	1.628	2.2115	1.601	1.0501	2.1677	0.10361	2.2638	0.79474	-3.1418	2.4596	-0.13317	-0.48111	1.7357	0.14565	-2.0194	0.81118	1.85	0.024826	-0.14108	-0.56379	0.83383	-1.2632	0.57281	-0.45413	-1.981	0.44862	-0.99892	-0.3532	1.5342	1.5896	0.22077	0.021335	-0.63252	-0.48098	-0.85915	0.62294	-0.71131	-0.76963	-0.41063	0.94809	0.056741	0.25377	0.34844	-1.3834	-0.38259	-0.43776	0.52966	1.191	-0.064978	0.10826	-0.52609	0.30048	-1.0406	-0.11412	0.58335	-0.090669	-0.16097	-0.67523	0.35094	0.53656	0.18248	-0.42782	0.25118	0.2595	-0.70127	-0.11208	0.23807	0.22705	0.11507	-0.13964	-0.044334	0.62565	-0.18697	-0.8093	-0.014307	-0.6176	-0.30548	-0.30582	0.27312	-0.11053	0.30756	-0.30184	-0.25552	0.030397	0.036701	-0.1363	0.12318	0.19
